 0 383.15
 0.0001 382.718
 0.0002 382.285
 0.0003 381.851
 0.0004 381.417
 0.0005 380.983
 0.0006 380.548
 0.0007 380.114
 0.0008 379.678
 0.0009 379.242
 0.001 378.806
 0.0011 378.37
 0.0012 377.933
 0.0013 377.496
 0.0014 377.058
 0.0015 376.62
 0.0016 376.181
 0.0017 375.742
 0.0018 375.302
 0.0019 374.861
 0.002 374.421
 0.0021 373.98
 0.0022 373.481
 0.0023 373.172
 0.0024 373.236
 0.0025 373.251
 0.0026 373.252
 0.0027 373.252
 0.0028 373.253
 0.0029 373.253
 0.003 373.254
 0.0031 373.254
 0.0032 373.255
 0.0033 373.255
 0.0034 373.255
 0.0035 373.255
 0.0036 373.256
 0.0037 373.256
 0.0038 373.256
 0.0039 373.256
 0.004 373.256
 0.0041 373.255
 0.0042 373.255
 0.0043 373.255
 0.0044 373.254
 0.0045 373.254
 0.0046 373.254
 0.0047 373.253
 0.0048 373.252
 0.0049 373.252
 0.005 373.251
 0.0051 373.25
 0.0052 373.249
 0.0053 373.248
 0.0054 373.247
 0.0055 373.246
 0.0056 373.245
 0.0057 373.244
 0.0058 373.242
 0.0059 373.241
 0.006 373.239
 0.0061 373.238
 0.0062 373.236
 0.0063 373.235
 0.0064 373.233
 0.0065 373.231
 0.0066 373.23
 0.0067 373.228
 0.0068 373.226
 0.0069 373.224
 0.007 373.222
 0.0071 373.22
 0.0072 373.218
 0.0073 373.216
 0.0074 373.214
 0.0075 373.212
 0.0076 373.209
 0.0077 373.207
 0.0078 373.205
 0.0079 373.203
 0.008 373.2
 0.0081 373.198
 0.0082 373.196
 0.0083 373.193
 0.0084 373.191
 0.0085 373.188
 0.0086 373.186
 0.0087 373.183
 0.0088 373.181
 0.0089 373.178
 0.009 373.176
 0.0091 373.173
 0.0092 373.171
 0.0093 373.168
 0.0094 373.166
 0.0095 373.163
 0.0096 373.16
 0.0097 373.158
 0.0098 373.155
 0.0099 373.153
 0.01 373.15
