0 0.0003225
0.01 0.000327007
0.02 0.000331543
0.03 0.00033604
0.04 0.000340485
0.05 0.000344789
0.06 0.000348855
0.07 0.000352747
0.08 0.000356712
0.09 0.00036072
0.1 0.000364567
0.11 0.000368191
0.12 0.000371792
0.13 0.000375489
0.14 0.000379127
0.15 0.000382575
0.16 0.000385956
0.17 0.000389395
0.18 0.000392825
0.19 0.000396104
0.2 0.000399276
0.21 0.000402488
0.22 0.000405728
0.23 0.000408883
0.24 0.000411901
0.25 0.000414944
0.26 0.000418029
0.27 0.000421048
0.28 0.000423951
0.29 0.000426845
0.3 0.000429761
0.31 0.000432658
0.32 0.000435458
0.33 0.000438225
0.34 0.000440997
0.35 0.00044376
0.36 0.000446478
0.37 0.000449145
0.38 0.000451816
0.39 0.000454492
0.4 0.000457096
0.41 0.000459671
0.42 0.000462244
0.43 0.000464808
0.44 0.000467355
0.45 0.000469786
0.46 0.000473822
0.47 0.000477276
0.48 0.000480262
0.49 0.00048374
0.5 0.000487617
0.51 0.000490881
0.52 0.000493779
0.53 0.00049659
0.54 0.000499628
0.55 0.00050287
0.56 0.000506242
0.57 0.000509006
0.58 0.000511588
0.59 0.00051427
0.6 0.000517329
0.61 0.000520517
0.62 0.00052312
0.63 0.000525513
0.64 0.000527845
0.65 0.000530749
0.66 0.000533762
0.67 0.000536322
0.68 0.000538385
0.69 0.000540676
0.7 0.000543498
0.71 0.000546322
0.72 0.000548637
0.73 0.000550538
0.74 0.000552896
0.75 0.000555763
0.76 0.000558193
0.77 0.000559972
0.78 0.000562092
0.79 0.000564882
0.8 0.000567248
0.81 0.000568917
0.82 0.000571025
0.83 0.000573795
0.84 0.000575977
0.85 0.00057755
0.86 0.000579747
0.87 0.000582436
0.88 0.000584384
0.89 0.000585932
0.9 0.000588231
0.91 0.000590797
0.92 0.000592527
0.93 0.000594083
0.94 0.000596469
0.95 0.000598864
0.96 0.000600408
0.97 0.000602049
0.98 0.000604462
0.99 0.00060664
1 0.000608075
1.01 0.000609832
1.02 0.000612219
1.03 0.000614184
1.04 0.000615575
1.05 0.000617433
1.06 0.000619761
1.07 0.000621538
1.08 0.000622911
1.09 0.00062491
1.1 0.000627396
1.11 0.000630172
1.12 0.000632885
1.13 0.000635613
1.14 0.000638328
1.15 0.000641085
1.16 0.000643681
1.17 0.000646181
1.18 0.000648588
1.19 0.000651075
1.2 0.000653703
1.21 0.000656103
1.22 0.000658229
1.23 0.000660653
1.24 0.000663189
1.25 0.000665351
1.26 0.000667354
1.27 0.000669803
1.28 0.000672231
1.29 0.000674127
1.3 0.000676142
1.31 0.000678646
1.32 0.000680844
1.33 0.000682615
1.34 0.000684579
1.35 0.000686963
1.36 0.000689202
1.37 0.000691065
1.38 0.000692742
1.39 0.000694638
1.4 0.000696875
1.41 0.000699049
1.42 0.000700922
1.43 0.000702591
1.44 0.000704281
1.45 0.00070618
1.46 0.000708229
1.47 0.000710323
1.48 0.000712257
1.49 0.000713909
1.5 0.000715457
1.51 0.000717046
1.52 0.000718853
1.53 0.00072083
1.54 0.000722865
1.55 0.000724673
1.56 0.000726257
1.57 0.000727686
1.58 0.000729199
1.59 0.000730982
1.6 0.000732951
1.61 0.00073483
1.62 0.000736524
1.63 0.000737962
1.64 0.000739369
1.65 0.000740969
1.66 0.000742755
1.67 0.000744643
1.68 0.000746308
1.69 0.000747719
1.7 0.000749064
1.71 0.000750606
1.72 0.000752344
1.73 0.000754073
1.74 0.000755629
1.75 0.000757003
1.76 0.000758368
1.77 0.000759926
1.78 0.000761648
1.79 0.000763243
1.8 0.00076459
1.81 0.000765919
1.82 0.000767557
1.83 0.000769198
1.84 0.00077045
1.85 0.000771822
1.86 0.000773522
1.87 0.000774966
1.88 0.00077617
1.89 0.000777706
1.9 0.000779328
1.91 0.000780578
1.92 0.00078188
1.93 0.000784727
1.94 0.000786967
1.95 0.000788676
1.96 0.000791418
1.97 0.000793871
1.98 0.000795334
1.99 0.000797761
2 0.000800462
2.01 0.000801834
2.02 0.000803828
2.03 0.000806707
2.04 0.000808204
2.05 0.000809716
2.06 0.000812622
2.07 0.000814428
2.08 0.000815516
2.09 0.000818202
2.1 0.000820455
2.11 0.000821295
2.12 0.000823568
2.13 0.000826221
2.14 0.000827075
2.15 0.000828785
2.16 0.000831542
2.17 0.000833035
2.18 0.000833829
2.19 0.000836153
2.2 0.000838603
2.21 0.000839577
2.22 0.000840751
2.23 0.000843259
2.24 0.00084522
2.25 0.000845854
2.26 0.00084764
2.27 0.00085028
2.28 0.000851262
2.29 0.000852236
2.3 0.000854836
2.31 0.000856614
2.32 0.00085713
2.33 0.000859091
2.34 0.000861453
2.35 0.000861996
2.36 0.000863376
2.37 0.000865979
2.38 0.000866892
2.39 0.000867752
2.4 0.000870312
2.41 0.000871707
2.42 0.000872198
2.43 0.000874452
2.44 0.000876338
2.45 0.000876729
2.46 0.000878492
2.47 0.000880758
2.48 0.000881284
2.49 0.000882515
2.5 0.000884937
2.51 0.000885829
2.52 0.000886596
2.53 0.000888899
2.54 0.000890274
2.55 0.000890757
2.56 0.000892741
2.57 0.000894548
2.58 0.000894997
2.59 0.000896541
2.6 0.00089862
2.61 0.00089926
2.62 0.000900334
2.63 0.000902498
2.64 0.000903483
2.65 0.000904198
2.66 0.000906228
2.67 0.000907601
2.68 0.000908139
2.69 0.00090985
2.7 0.000911562
2.71 0.00091212
2.72 0.000913455
2.73 0.000915361
2.74 0.00091611
2.75 0.000917082
2.76 0.000919008
2.77 0.000920048
2.78 0.000920756
2.79 0.000922521
2.8 0.000923875
2.81 0.000924478
2.82 0.000925976
2.83 0.000927592
2.84 0.00092826
2.85 0.000929442
2.86 0.000931164
2.87 0.000932008
2.88 0.000932924
2.89 0.000934613
2.9 0.000935702
2.91 0.00093645
2.92 0.000937854
2.93 0.000940198
2.94 0.000942178
2.95 0.000943677
2.96 0.000945322
2.97 0.000947649
2.98 0.00094983
2.99 0.000951238
3 0.000952755
3.01 0.000954995
3.02 0.000957111
3.03 0.000958284
3.04 0.000959964
3.05 0.000962379
3.06 0.000963696
3.07 0.000964999
3.08 0.000967465
3.09 0.000968938
3.1 0.000969967
3.11 0.000972375
3.12 0.000974025
3.13 0.000974859
3.14 0.000977085
3.15 0.000978965
3.16 0.00097965
3.17 0.000981667
3.18 0.000983734
3.19 0.000984352
3.2 0.000986117
3.21 0.000988354
3.22 0.000989009
3.23 0.000990476
3.24 0.000992842
3.25 0.000993602
3.26 0.000994809
3.27 0.000997195
3.28 0.000998103
3.29 0.000999055
3.3 0.00100131
3.31 0.00100262
3.32 0.00100333
3.33 0.00100511
3.34 0.00100697
3.35 0.00100787
3.36 0.00100886
3.37 0.00101066
3.38 0.00101235
3.39 0.00101336
3.4 0.00101436
3.41 0.00101588
3.42 0.00101759
3.43 0.00101883
3.44 0.0010198
3.45 0.00102099
3.46 0.00102253
3.47 0.00102403
3.48 0.0010252
3.49 0.00102623
3.5 0.00102741
3.51 0.00102884
3.52 0.00103027
3.53 0.00103147
3.54 0.00103252
3.55 0.00103367
3.56 0.00103503
3.57 0.0010364
3.58 0.00103758
3.59 0.00103863
3.6 0.00103977
3.61 0.00104107
3.62 0.00104239
3.63 0.00104352
3.64 0.00104458
3.65 0.00104573
3.66 0.001047
3.67 0.00104824
3.68 0.00104936
3.69 0.00105043
3.7 0.00105157
3.71 0.00105277
3.72 0.00105397
3.73 0.00105505
3.74 0.00105611
3.75 0.00105724
3.76 0.00105841
3.77 0.00105955
3.78 0.00106062
3.79 0.00106169
3.8 0.0010628
3.81 0.00106394
3.82 0.00106505
3.83 0.00106612
3.84 0.00106717
3.85 0.00106826
3.86 0.00106937
3.87 0.00107046
3.88 0.00107149
3.89 0.00107255
3.9 0.00107364
3.91 0.00107471
3.92 0.00107573
3.93 0.00107676
3.94 0.00107784
3.95 0.00107888
3.96 0.00107988
3.97 0.00108094
3.98 0.00108199
3.99 0.00108298
4 0.00108401
4.01 0.00108506
4.02 0.00108604
4.03 0.00108705
4.04 0.00108808
4.05 0.00108906
4.06 0.00109006
4.07 0.00109109
4.08 0.00109207
4.09 0.00109305
4.1 0.00109406
4.11 0.00109576
4.12 0.00109719
4.13 0.00109905
4.14 0.0011008
4.15 0.00110218
4.16 0.00110402
4.17 0.00110575
4.18 0.00110707
4.19 0.00110888
4.2 0.00111054
4.21 0.00111183
4.22 0.0011136
4.23 0.00111522
4.24 0.00111647
4.25 0.0011182
4.26 0.00111979
4.27 0.00112099
4.28 0.00112269
4.29 0.00112423
4.3 0.00112537
4.31 0.00112704
4.32 0.00112853
4.33 0.00112964
4.34 0.00113129
4.35 0.00113275
4.36 0.00113381
4.37 0.00113547
4.38 0.0011369
4.39 0.00113791
4.4 0.00113955
4.41 0.00114093
4.42 0.00114193
4.43 0.00114354
4.44 0.00114489
4.45 0.00114588
4.46 0.00114746
4.47 0.00114875
4.48 0.00114972
4.49 0.00115127
4.5 0.00115254
4.51 0.0011535
4.52 0.00115502
4.53 0.00115628
4.54 0.00115721
4.55 0.00115869
4.56 0.00115993
4.57 0.00116087
4.58 0.00116231
4.59 0.00116355
4.6 0.00116446
4.61 0.00116588
4.62 0.00116709
4.63 0.00116799
4.64 0.00116937
4.65 0.00117059
4.66 0.00117148
4.67 0.00117282
4.68 0.00117403
4.69 0.00117491
4.7 0.00117622
4.71 0.00117741
4.72 0.0011783
4.73 0.00117957
4.74 0.00118075
4.75 0.00118163
4.76 0.00118287
4.77 0.00118404
4.78 0.00118493
4.79 0.00118614
4.8 0.0011873
4.81 0.00118818
4.82 0.00118937
4.83 0.00119051
4.84 0.00119137
4.85 0.00119255
4.86 0.00119367
4.87 0.00119453
4.88 0.00119569
4.89 0.0011968
4.9 0.00119765
4.91 0.0011988
4.92 0.0011999
4.93 0.00120076
4.94 0.00120187
4.95 0.00120296
4.96 0.00120382
4.97 0.00120491
4.98 0.00120598
4.99 0.00120684
5 0.00120791
5.01 0.00120897
5.02 0.00120984
5.03 0.00121089
5.04 0.00121194
5.05 0.00121281
5.06 0.00121384
5.07 0.00121487
5.08 0.00121574
5.09 0.00121675
5.1 0.00121777
5.11 0.00121863
5.12 0.00121963
5.13 0.00122065
5.14 0.0012215
5.15 0.00122248
5.16 0.00122348
5.17 0.00122434
5.18 0.0012253
5.19 0.00122629
5.2 0.00122715
5.21 0.00122809
5.22 0.00122908
5.23 0.00122993
5.24 0.00123086
5.25 0.00123184
5.26 0.00123269
5.27 0.0012336
5.28 0.00123457
5.29 0.00123545
5.3 0.00123631
5.31 0.00123727
5.32 0.00123818
5.33 0.001239
5.34 0.00123993
5.35 0.00124087
5.36 0.0012417
5.37 0.00124255
5.38 0.0012435
5.39 0.00124437
5.4 0.00124519
5.41 0.00124609
5.42 0.00124703
5.43 0.00124786
5.44 0.00124869
5.45 0.0012496
5.46 0.00125046
5.47 0.00125197
5.48 0.00125355
5.49 0.001255
5.5 0.00125638
5.51 0.0012578
5.52 0.0012593
5.53 0.00126087
5.54 0.00126229
5.55 0.00126363
5.56 0.00126497
5.57 0.00126647
5.58 0.00126791
5.59 0.00126915
5.6 0.00127048
5.61 0.00127196
5.62 0.00127333
5.63 0.00127451
5.64 0.00127584
5.65 0.00127729
5.66 0.00127847
5.67 0.00127967
5.68 0.00128114
5.69 0.00128234
5.7 0.00128348
5.71 0.00128491
5.72 0.0012861
5.73 0.00128718
5.74 0.00128859
5.75 0.00128975
5.76 0.0012908
5.77 0.00129221
5.78 0.00129341
5.79 0.00129441
5.8 0.00129576
5.81 0.00129703
5.82 0.00129804
5.83 0.00129924
5.84 0.00130054
5.85 0.00130163
5.86 0.00130268
5.87 0.0013039
5.88 0.00130512
5.89 0.00130619
5.9 0.00130726
5.91 0.00130843
5.92 0.00130962
5.93 0.00131071
5.94 0.00131174
5.95 0.00131284
5.96 0.00131397
5.97 0.0013151
5.98 0.00131616
5.99 0.00131719
6 0.00131825
6.01 0.00131935
6.02 0.00132045
6.03 0.0013215
6.04 0.00132253
6.05 0.00132355
6.06 0.0013246
6.07 0.00132566
6.08 0.00132668
6.09 0.0013277
6.1 0.00132871
6.11 0.00132974
6.12 0.00133074
6.13 0.00133174
6.14 0.00133274
6.15 0.00133374
6.16 0.00133473
6.17 0.00133569
6.18 0.00133667
6.19 0.00133766
6.2 0.00133863
6.21 0.00133961
6.22 0.00134058
6.23 0.00134153
6.24 0.00134248
6.25 0.00134345
6.26 0.00134441
6.27 0.00134534
6.28 0.00134627
6.29 0.00134721
6.3 0.00134817
6.31 0.0013491
6.32 0.00135002
6.33 0.00135094
6.34 0.00135188
6.35 0.00135281
6.36 0.00135373
6.37 0.00135464
6.38 0.00135555
6.39 0.00135646
6.4 0.00135737
6.41 0.00135827
6.42 0.00135917
6.43 0.00136006
6.44 0.00136094
6.45 0.00136184
6.46 0.00136273
6.47 0.00136362
6.48 0.0013645
6.49 0.00136537
6.5 0.00136625
6.51 0.00136713
6.52 0.00136801
6.53 0.00136886
6.54 0.00136973
6.55 0.0013706
6.56 0.00137145
6.57 0.0013723
6.58 0.00137315
6.59 0.001374
6.6 0.00137485
6.61 0.00137569
6.62 0.00137653
6.63 0.00137737
6.64 0.0013782
6.65 0.00137904
6.66 0.00137987
6.67 0.00138069
6.68 0.00138152
6.69 0.00138234
6.7 0.00138317
6.71 0.00138399
6.72 0.00138481
6.73 0.00138562
6.74 0.00138643
6.75 0.00138724
6.76 0.00138806
6.77 0.00138887
6.78 0.00138967
6.79 0.00139047
6.8 0.00139128
6.81 0.00139207
6.82 0.00139287
6.83 0.00139366
6.84 0.00139443
6.85 0.00139522
6.86 0.001396
6.87 0.00139678
6.88 0.00139757
6.89 0.00139835
6.9 0.00139912
6.91 0.0013999
6.92 0.00140067
6.93 0.00140144
6.94 0.00140222
6.95 0.00140299
6.96 0.00140376
6.97 0.00140452
6.98 0.00140528
6.99 0.00140604
7 0.00140683
7.01 0.00140828
7.02 0.00140952
7.03 0.00141081
7.04 0.00141231
7.05 0.00141349
7.06 0.00141486
7.07 0.00141625
7.08 0.0014174
7.09 0.00141881
7.1 0.00142008
7.11 0.00142126
7.12 0.00142262
7.13 0.00142382
7.14 0.00142503
7.15 0.00142637
7.16 0.0014275
7.17 0.00142873
7.18 0.00143
7.19 0.00143109
7.2 0.00143235
7.21 0.00143353
7.22 0.00143463
7.23 0.0014359
7.24 0.001437
7.25 0.00143813
7.26 0.00143936
7.27 0.0014404
7.28 0.00144157
7.29 0.00144274
7.3 0.00144376
7.31 0.00144493
7.32 0.00144602
7.33 0.00144706
7.34 0.00144823
7.35 0.00144927
7.36 0.00145033
7.37 0.00145147
7.38 0.00145245
7.39 0.00145354
7.4 0.00145461
7.41 0.0014556
7.42 0.0014567
7.43 0.00145773
7.44 0.00145871
7.45 0.0014598
7.46 0.00146078
7.47 0.00146178
7.48 0.00146285
7.49 0.0014638
7.5 0.00146483
7.51 0.00146584
7.52 0.00146679
7.53 0.00146782
7.54 0.00146878
7.55 0.00146974
7.56 0.00147076
7.57 0.00147169
7.58 0.00147267
7.59 0.00147365
7.6 0.00147457
7.61 0.00147555
7.62 0.00147651
7.63 0.00147742
7.64 0.00147839
7.65 0.00147932
7.66 0.00148023
7.67 0.00148118
7.68 0.00148207
7.69 0.00148299
7.7 0.00148392
7.71 0.00148481
7.72 0.00148575
7.73 0.00148665
7.74 0.00148754
7.75 0.00148845
7.76 0.00148934
7.77 0.00149024
7.78 0.00149114
7.79 0.00149201
7.8 0.0014929
7.81 0.00149378
7.82 0.00149463
7.83 0.00149553
7.84 0.00149638
7.85 0.00149724
7.86 0.00149812
7.87 0.00149896
7.88 0.00149983
7.89 0.00150069
7.9 0.00150152
7.91 0.00150239
7.92 0.00150323
7.93 0.00150407
7.94 0.00150492
7.95 0.00150575
7.96 0.00150656
7.97 0.00150741
7.98 0.00150823
7.99 0.00150904
8 0.00150988
8.01 0.00151068
8.02 0.0015115
8.03 0.00151232
8.04 0.00151312
8.05 0.00151394
8.06 0.00151475
8.07 0.00151554
8.08 0.00151635
8.09 0.00151714
8.1 0.00151792
8.11 0.00151873
8.12 0.00151952
8.13 0.0015203
8.14 0.0015211
8.15 0.00152188
8.16 0.00152266
8.17 0.00152345
8.18 0.00152422
8.19 0.001525
8.2 0.00152578
8.21 0.00152655
8.22 0.00152732
8.23 0.00152809
8.24 0.00152884
8.25 0.0015296
8.26 0.00153037
8.27 0.00153113
8.28 0.00153189
8.29 0.00153265
8.3 0.00153339
8.31 0.00153415
8.32 0.0015349
8.33 0.00153565
8.34 0.0015364
8.35 0.00153714
8.36 0.00153789
8.37 0.00153863
8.38 0.00153936
8.39 0.0015401
8.4 0.00154084
8.41 0.00154157
8.42 0.0015423
8.43 0.00154303
8.44 0.00154376
8.45 0.00154448
8.46 0.00154521
8.47 0.00154592
8.48 0.00154664
8.49 0.00154736
8.5 0.00154808
8.51 0.00154879
8.52 0.0015495
8.53 0.00155021
8.54 0.00155093
8.55 0.00155163
8.56 0.00155235
8.57 0.00155306
8.58 0.00155376
8.59 0.00155446
8.6 0.00155516
8.61 0.00155585
8.62 0.00155656
8.63 0.00155725
8.64 0.00155794
8.65 0.00155863
8.66 0.00155932
8.67 0.00156001
8.68 0.00156069
8.69 0.00156138
8.7 0.00156206
8.71 0.00156272
8.72 0.00156394
8.73 0.001565
8.74 0.00156609
8.75 0.00156747
8.76 0.00156868
8.77 0.00156977
8.78 0.00157097
8.79 0.00157226
8.8 0.00157335
8.81 0.00157446
8.82 0.00157577
8.83 0.00157691
8.84 0.00157797
8.85 0.00157921
8.86 0.00158034
8.87 0.00158137
8.88 0.00158259
8.89 0.00158366
8.9 0.00158472
8.91 0.00158593
8.92 0.0015869
8.93 0.00158801
8.94 0.00158914
8.95 0.0015901
8.96 0.00159124
8.97 0.00159228
8.98 0.00159327
8.99 0.00159442
9 0.00159538
9.01 0.00159641
9.02 0.0015975
9.03 0.00159844
9.04 0.00159949
9.05 0.00160053
9.06 0.00160145
9.07 0.00160253
9.08 0.00160349
9.09 0.00160443
9.1 0.0016055
9.11 0.00160641
9.12 0.0016074
9.13 0.00160842
9.14 0.00160931
9.15 0.00161032
9.16 0.00161128
9.17 0.00161217
9.18 0.00161318
9.19 0.00161408
9.2 0.00161498
9.21 0.00161599
9.22 0.00161683
9.23 0.00161778
9.24 0.00161873
9.25 0.00161957
9.26 0.00162055
9.27 0.00162144
9.28 0.00162231
9.29 0.00162328
9.3 0.00162413
9.31 0.00162502
9.32 0.00162595
9.33 0.00162679
9.34 0.00162769
9.35 0.00162859
9.36 0.00162942
9.37 0.00163031
9.38 0.0016312
9.39 0.00163202
9.4 0.00163289
9.41 0.00163377
9.42 0.0016346
9.43 0.00163544
9.44 0.00163631
9.45 0.00163714
9.46 0.00163796
9.47 0.00163881
9.48 0.00163965
9.49 0.00164045
9.5 0.00164128
9.51 0.00164213
9.52 0.00164294
9.53 0.00164374
9.54 0.00164457
9.55 0.0016454
9.56 0.00164618
9.57 0.00164699
9.58 0.00164781
9.59 0.00164861
9.6 0.00164939
9.61 0.00165018
9.62 0.00165099
9.63 0.00165177
9.64 0.00165254
9.65 0.00165333
9.66 0.00165412
9.67 0.00165489
9.68 0.00165565
9.69 0.00165644
9.7 0.00165722
9.71 0.00165797
9.72 0.00165873
9.73 0.00165951
9.74 0.00166028
9.75 0.00166102
9.76 0.00166176
9.77 0.00166253
9.78 0.00166329
9.79 0.00166402
9.8 0.00166476
9.81 0.00166552
9.82 0.00166627
9.83 0.001667
9.84 0.00166773
9.85 0.00166849
9.86 0.00166922
9.87 0.00166993
9.88 0.00167068
9.89 0.00167142
9.9 0.00167213
9.91 0.00167285
9.92 0.00167359
9.93 0.00167431
9.94 0.00167502
9.95 0.00167575
9.96 0.00167648
9.97 0.00167719
9.98 0.0016779
9.99 0.00167862
10 0.00167933
