0 0.0003225
0.01 0.000326609
0.02 0.000330371
0.03 0.000334133
0.04 0.000337894
0.05 0.000341656
0.06 0.000345418
0.07 0.00034918
0.08 0.000352943
0.09 0.000356706
0.1 0.00036047
0.11 0.000364234
0.12 0.000367999
0.13 0.000371764
0.14 0.000375529
0.15 0.000379295
0.16 0.000383062
0.17 0.000386829
0.18 0.000390596
0.19 0.000394364
0.2 0.000398132
0.21 0.000401901
0.22 0.00040567
0.23 0.00040944
0.24 0.00041321
0.25 0.000416981
0.26 0.000420752
0.27 0.000424523
0.28 0.000428295
0.29 0.000432068
0.3 0.000435841
0.31 0.000439615
0.32 0.000443389
0.33 0.000447163
0.34 0.000450938
0.35 0.000454714
0.36 0.00045849
0.37 0.000462266
0.38 0.000466043
0.39 0.000469846
0.4 0.000473707
0.41 0.000477562
0.42 0.000481415
0.43 0.000485268
0.44 0.000489121
0.45 0.000492974
0.46 0.000496827
0.47 0.000500681
0.48 0.000504534
0.49 0.000508388
0.5 0.000512243
0.51 0.000516098
0.52 0.000519953
0.53 0.000523809
0.54 0.000527665
0.55 0.000531522
0.56 0.000535379
0.57 0.000539236
0.58 0.000543094
0.59 0.000546953
0.6 0.000550812
0.61 0.000554671
0.62 0.000558532
0.63 0.000562392
0.64 0.000566253
0.65 0.000570115
0.66 0.000573977
0.67 0.000577839
0.68 0.000581702
0.69 0.000585566
0.7 0.00058943
0.71 0.000593295
0.72 0.00059716
0.73 0.000601025
0.74 0.000604891
0.75 0.000608758
0.76 0.000612625
0.77 0.000616493
0.78 0.000620361
0.79 0.00062423
0.8 0.000627267
0.81 0.000629608
0.82 0.000631916
0.83 0.000634222
0.84 0.000636528
0.85 0.000638835
0.86 0.000641141
0.87 0.000643448
0.88 0.000645754
0.89 0.00064806
0.9 0.000650366
0.91 0.000652673
0.92 0.000654979
0.93 0.000657286
0.94 0.000659593
0.95 0.000661899
0.96 0.000664206
0.97 0.000666513
0.98 0.00066882
0.99 0.000671127
1 0.000673434
1.01 0.000675741
1.02 0.000678048
1.03 0.000680355
1.04 0.000682662
1.05 0.000684969
1.06 0.000687277
1.07 0.000689584
1.08 0.000691891
1.09 0.000694199
1.1 0.000696506
1.11 0.000698814
1.12 0.000701121
1.13 0.000703429
1.14 0.000705736
1.15 0.000708044
1.16 0.000710352
1.17 0.00071266
1.18 0.000714968
1.19 0.000717276
1.2 0.000719584
1.21 0.000721892
1.22 0.0007242
1.23 0.000726508
1.24 0.000728816
1.25 0.000731124
1.26 0.000733432
1.27 0.000735741
1.28 0.000738049
1.29 0.000740357
1.3 0.000742666
1.31 0.000744974
1.32 0.000747283
1.33 0.000749592
1.34 0.000751901
1.35 0.000754209
1.36 0.000756518
1.37 0.000758826
1.38 0.000761135
1.39 0.000763444
1.4 0.000765753
1.41 0.000768062
1.42 0.000770371
1.43 0.00077268
1.44 0.000774989
1.45 0.000777299
1.46 0.000779608
1.47 0.00078193
1.48 0.000784273
1.49 0.000786611
1.5 0.000788949
1.51 0.000791287
1.52 0.000793625
1.53 0.000795962
1.54 0.000798299
1.55 0.000800637
1.56 0.000802974
1.57 0.000805311
1.58 0.000807648
1.59 0.000809985
1.6 0.000812322
1.61 0.00081466
1.62 0.000816997
1.63 0.000819334
1.64 0.000821671
1.65 0.000824008
1.66 0.000826346
1.67 0.000828683
1.68 0.00083102
1.69 0.000833357
1.7 0.000835695
1.71 0.000838032
1.72 0.000840369
1.73 0.000842707
1.74 0.000845045
1.75 0.000847382
1.76 0.00084972
1.77 0.000852057
1.78 0.000854395
1.79 0.000856732
1.8 0.00085907
1.81 0.000861408
1.82 0.000863746
1.83 0.000866084
1.84 0.000868421
1.85 0.000870759
1.86 0.000873097
1.87 0.000875435
1.88 0.000877773
1.89 0.000880111
1.9 0.00088245
1.91 0.000884788
1.92 0.000887126
1.93 0.000889464
1.94 0.000891802
1.95 0.000894141
1.96 0.000896479
1.97 0.000898818
1.98 0.000901156
1.99 0.000903495
2 0.000905833
2.01 0.000908172
2.02 0.000910511
2.03 0.000912849
2.04 0.000915188
2.05 0.000917527
2.06 0.000919866
2.07 0.000922205
2.08 0.000924544
2.09 0.000926883
2.1 0.000929222
2.11 0.000931561
2.12 0.0009339
2.13 0.00093624
2.14 0.000938377
2.15 0.000939994
2.16 0.000941639
2.17 0.000943296
2.18 0.000944955
2.19 0.000946615
2.2 0.000948275
2.21 0.000949935
2.22 0.000951595
2.23 0.000953254
2.24 0.000954915
2.25 0.000956574
2.26 0.000958234
2.27 0.000959894
2.28 0.000961554
2.29 0.000963214
2.3 0.000964874
2.31 0.000966534
2.32 0.000968194
2.33 0.000969854
2.34 0.000971514
2.35 0.000973174
2.36 0.000974834
2.37 0.000976494
2.38 0.000978155
2.39 0.000979815
2.4 0.000981475
2.41 0.000983136
2.42 0.000984796
2.43 0.000986456
2.44 0.000988116
2.45 0.000989776
2.46 0.000991436
2.47 0.000993097
2.48 0.000994757
2.49 0.000996417
2.5 0.000998078
2.51 0.000999738
2.52 0.0010014
2.53 0.00100306
2.54 0.00100472
2.55 0.00100638
2.56 0.00100804
2.57 0.0010097
2.58 0.00101136
2.59 0.00101302
2.6 0.00101468
2.61 0.00101634
2.62 0.001018
2.63 0.00101966
2.64 0.00102132
2.65 0.00102298
2.66 0.00102465
2.67 0.00102631
2.68 0.00102797
2.69 0.00102963
2.7 0.00103129
2.71 0.00103295
2.72 0.00103461
2.73 0.00103627
2.74 0.00103793
2.75 0.00103959
2.76 0.00104125
2.77 0.00104291
2.78 0.00104457
2.79 0.00104623
2.8 0.0010479
2.81 0.00104956
2.82 0.00105122
2.83 0.00105288
2.84 0.00105454
2.85 0.0010562
2.86 0.00105786
2.87 0.00105952
2.88 0.00106118
2.89 0.00106284
2.9 0.0010645
2.91 0.00106617
2.92 0.00106783
2.93 0.00106949
2.94 0.00107115
2.95 0.00107281
2.96 0.00107447
2.97 0.00107613
2.98 0.00107779
2.99 0.00107945
3 0.00108112
3.01 0.00108278
3.02 0.00108444
3.03 0.0010861
3.04 0.00108776
3.05 0.00108942
3.06 0.00109108
3.07 0.00109274
3.08 0.00109442
3.09 0.0010961
3.1 0.00109778
3.11 0.00109945
3.12 0.00110113
3.13 0.0011028
3.14 0.00110448
3.15 0.00110615
3.16 0.00110783
3.17 0.00110951
3.18 0.00111118
3.19 0.00111286
3.2 0.00111453
3.21 0.00111621
3.22 0.00111788
3.23 0.00111956
3.24 0.00112124
3.25 0.00112291
3.26 0.00112459
3.27 0.00112626
3.28 0.00112794
3.29 0.00112961
3.3 0.00113129
3.31 0.00113296
3.32 0.00113464
3.33 0.00113632
3.34 0.00113799
3.35 0.00113967
3.36 0.00114134
3.37 0.00114302
3.38 0.00114469
3.39 0.00114637
3.4 0.00114805
3.41 0.00114972
3.42 0.0011514
3.43 0.00115307
3.44 0.00115475
3.45 0.00115642
3.46 0.0011581
3.47 0.00115978
3.48 0.00116145
3.49 0.00116313
3.5 0.0011648
3.51 0.00116648
3.52 0.00116815
3.53 0.00116983
3.54 0.00117151
3.55 0.00117318
3.56 0.00117486
3.57 0.00117653
3.58 0.00117821
3.59 0.00117989
3.6 0.00118156
3.61 0.00118324
3.62 0.00118491
3.63 0.00118659
3.64 0.00118827
3.65 0.00118994
3.66 0.00119162
3.67 0.00119329
3.68 0.00119497
3.69 0.00119665
3.7 0.00119832
3.71 0.0012
3.72 0.00120167
3.73 0.00120335
3.74 0.00120503
3.75 0.0012067
3.76 0.00120838
3.77 0.00121005
3.78 0.00121173
3.79 0.00121341
3.8 0.00121508
3.81 0.00121676
3.82 0.00121844
3.83 0.00122011
3.84 0.00122179
3.85 0.00122346
3.86 0.00122514
3.87 0.00122682
3.88 0.00122849
3.89 0.00123017
3.9 0.00123185
3.91 0.00123352
3.92 0.0012352
3.93 0.00123688
3.94 0.00123855
3.95 0.00124023
3.96 0.00124191
3.97 0.00124358
3.98 0.00124526
3.99 0.00124694
4 0.00124861
4.01 0.00125026
4.02 0.00125146
4.03 0.00125268
4.04 0.00125395
4.05 0.00125524
4.06 0.00125653
4.07 0.00125782
4.08 0.00125912
4.09 0.00126041
4.1 0.00126171
4.11 0.00126301
4.12 0.0012643
4.13 0.0012656
4.14 0.0012669
4.15 0.0012682
4.16 0.00126949
4.17 0.00127079
4.18 0.00127209
4.19 0.00127338
4.2 0.00127468
4.21 0.00127597
4.22 0.00127727
4.23 0.00127857
4.24 0.00127986
4.25 0.00128116
4.26 0.00128246
4.27 0.00128375
4.28 0.00128505
4.29 0.00128635
4.3 0.00128764
4.31 0.00128894
4.32 0.00129024
4.33 0.00129154
4.34 0.00129283
4.35 0.00129413
4.36 0.00129543
4.37 0.00129672
4.38 0.00129802
4.39 0.00129932
4.4 0.00130061
4.41 0.00130191
4.42 0.00130321
4.43 0.0013045
4.44 0.0013058
4.45 0.0013071
4.46 0.00130839
4.47 0.00130969
4.48 0.00131099
4.49 0.00131228
4.5 0.00131358
4.51 0.00131488
4.52 0.00131617
4.53 0.00131747
4.54 0.00131877
4.55 0.00132006
4.56 0.00132136
4.57 0.00132266
4.58 0.00132396
4.59 0.00132525
4.6 0.00132655
4.61 0.00132785
4.62 0.00132914
4.63 0.00133044
4.64 0.00133174
4.65 0.00133303
4.66 0.00133433
4.67 0.00133563
4.68 0.00133692
4.69 0.00133822
4.7 0.00133952
4.71 0.00134082
4.72 0.00134211
4.73 0.00134341
4.74 0.00134471
4.75 0.001346
4.76 0.0013473
4.77 0.0013486
4.78 0.0013499
4.79 0.00135119
4.8 0.00135249
4.81 0.00135379
4.82 0.00135508
4.83 0.00135638
4.84 0.00135768
4.85 0.00135897
4.86 0.00136027
4.87 0.00136157
4.88 0.00136287
4.89 0.00136416
4.9 0.00136546
4.91 0.00136676
4.92 0.00136805
4.93 0.00136935
4.94 0.00137065
4.95 0.00137195
4.96 0.00137324
4.97 0.00137454
4.98 0.00137584
4.99 0.00137713
5 0.00137843
5.01 0.00137973
5.02 0.00138103
5.03 0.00138232
5.04 0.00138362
5.05 0.00138492
5.06 0.00138622
5.07 0.00138751
5.08 0.00138881
5.09 0.00139011
5.1 0.0013914
5.11 0.0013927
5.12 0.001394
5.13 0.0013953
5.14 0.00139659
5.15 0.00139789
5.16 0.00139919
5.17 0.00140049
5.18 0.00140178
5.19 0.00140308
5.2 0.00140438
5.21 0.00140568
5.22 0.00140699
5.23 0.0014083
5.24 0.0014096
5.25 0.00141091
5.26 0.00141222
5.27 0.00141352
5.28 0.00141483
5.29 0.00141614
5.3 0.00141744
5.31 0.00141875
5.32 0.00142005
5.33 0.00142136
5.34 0.00142267
5.35 0.00142397
5.36 0.00142528
5.37 0.00142658
5.38 0.00142789
5.39 0.0014292
5.4 0.0014305
5.41 0.00143181
5.42 0.00143311
5.43 0.00143442
5.44 0.00143573
5.45 0.00143703
5.46 0.00143834
5.47 0.00143964
5.48 0.00144095
5.49 0.00144226
5.5 0.00144356
5.51 0.00144487
5.52 0.00144617
5.53 0.00144748
5.54 0.00144879
5.55 0.00145009
5.56 0.0014514
5.57 0.0014527
5.58 0.00145401
5.59 0.00145532
5.6 0.00145662
5.61 0.00145793
5.62 0.00145923
5.63 0.00146054
5.64 0.00146185
5.65 0.00146315
5.66 0.00146446
5.67 0.00146577
5.68 0.00146707
5.69 0.00146838
5.7 0.00146968
5.71 0.00147099
5.72 0.0014723
5.73 0.0014736
5.74 0.00147491
5.75 0.00147621
5.76 0.00147752
5.77 0.00147883
5.78 0.00148013
5.79 0.00148144
5.8 0.00148275
5.81 0.00148405
5.82 0.00148536
5.83 0.00148666
5.84 0.00148797
5.85 0.00148928
5.86 0.00149058
5.87 0.00149189
5.88 0.00149319
5.89 0.0014945
5.9 0.00149581
5.91 0.00149711
5.92 0.00149842
5.93 0.00149973
5.94 0.00150103
5.95 0.00150234
5.96 0.00150365
5.97 0.00150495
5.98 0.00150626
5.99 0.00150756
6 0.00150887
6.01 0.00151018
6.02 0.00151148
6.03 0.00151279
6.04 0.0015141
6.05 0.0015154
6.06 0.00151671
6.07 0.00151801
6.08 0.00151932
6.09 0.00152063
6.1 0.00152193
6.11 0.00152324
6.12 0.00152455
6.13 0.00152585
6.14 0.00152716
6.15 0.00152847
6.16 0.00152977
6.17 0.00153108
6.18 0.00153239
6.19 0.00153369
6.2 0.001535
6.21 0.0015363
6.22 0.00153761
6.23 0.00153892
6.24 0.00154022
6.25 0.00154153
6.26 0.00154284
6.27 0.00154414
6.28 0.00154545
6.29 0.00154676
6.3 0.00154806
6.31 0.00154937
6.32 0.00155068
6.33 0.00155198
6.34 0.00155329
6.35 0.0015546
6.36 0.0015559
6.37 0.00155721
6.38 0.00155852
6.39 0.00155982
6.4 0.00156113
6.41 0.00156244
6.42 0.00156343
6.43 0.00156438
6.44 0.00156538
6.45 0.00156641
6.46 0.00156746
6.47 0.00156851
6.48 0.00156957
6.49 0.00157063
6.5 0.0015717
6.51 0.00157276
6.52 0.00157382
6.53 0.00157489
6.54 0.00157595
6.55 0.00157701
6.56 0.00157808
6.57 0.00157914
6.58 0.00158021
6.59 0.00158127
6.6 0.00158233
6.61 0.0015834
6.62 0.00158446
6.63 0.00158552
6.64 0.00158659
6.65 0.00158765
6.66 0.00158872
6.67 0.00158978
6.68 0.00159084
6.69 0.00159191
6.7 0.00159297
6.71 0.00159404
6.72 0.0015951
6.73 0.00159616
6.74 0.00159723
6.75 0.00159829
6.76 0.00159935
6.77 0.00160042
6.78 0.00160148
6.79 0.00160255
6.8 0.00160361
6.81 0.00160467
6.82 0.00160574
6.83 0.0016068
6.84 0.00160787
6.85 0.00160893
6.86 0.00160999
6.87 0.00161106
6.88 0.00161212
6.89 0.00161319
6.9 0.00161425
6.91 0.00161531
6.92 0.00161638
6.93 0.00161744
6.94 0.0016185
6.95 0.00161957
6.96 0.00162063
6.97 0.0016217
6.98 0.00162276
6.99 0.00162382
7 0.00162489
7.01 0.00162595
7.02 0.00162702
7.03 0.00162808
7.04 0.00162914
7.05 0.00163021
7.06 0.00163127
7.07 0.00163234
7.08 0.0016334
7.09 0.00163446
7.1 0.00163553
7.11 0.00163659
7.12 0.00163766
7.13 0.00163872
7.14 0.00163978
7.15 0.00164085
7.16 0.00164191
7.17 0.00164298
7.18 0.00164404
7.19 0.0016451
7.2 0.00164617
7.21 0.00164723
7.22 0.0016483
7.23 0.00164936
7.24 0.00165042
7.25 0.00165149
7.26 0.00165255
7.27 0.00165362
7.28 0.00165468
7.29 0.00165575
7.3 0.00165681
7.31 0.00165787
7.32 0.00165894
7.33 0.00166
7.34 0.00166107
7.35 0.00166213
7.36 0.00166319
7.37 0.00166426
7.38 0.00166532
7.39 0.00166639
7.4 0.00166745
7.41 0.00166851
7.42 0.00166958
7.43 0.00167064
7.44 0.00167171
7.45 0.00167277
7.46 0.00167383
7.47 0.0016749
7.48 0.00167596
7.49 0.00167703
7.5 0.00167809
7.51 0.00167916
7.52 0.00168022
7.53 0.00168128
7.54 0.00168235
7.55 0.00168341
7.56 0.00168448
7.57 0.00168554
7.58 0.0016866
7.59 0.00168767
7.6 0.00168873
7.61 0.0016898
7.62 0.00169086
7.63 0.00169193
7.64 0.00169299
7.65 0.00169405
7.66 0.00169512
7.67 0.00169618
7.68 0.00169725
7.69 0.00169831
7.7 0.00169937
7.71 0.00170044
7.72 0.0017015
7.73 0.00170257
7.74 0.00170363
7.75 0.0017047
7.76 0.00170576
7.77 0.00170682
7.78 0.00170789
7.79 0.00170895
7.8 0.00171002
7.81 0.00171108
7.82 0.00171215
7.83 0.00171321
7.84 0.00171427
7.85 0.00171534
7.86 0.0017164
7.87 0.00171747
7.88 0.00171853
7.89 0.00171961
7.9 0.00172068
7.91 0.00172175
7.92 0.00172283
7.93 0.0017239
7.94 0.00172497
7.95 0.00172604
7.96 0.00172711
7.97 0.00172818
7.98 0.00172925
7.99 0.00173032
8 0.00173139
8.01 0.00173246
8.02 0.00173353
8.03 0.0017346
8.04 0.00173567
8.05 0.00173674
8.06 0.00173781
8.07 0.00173888
8.08 0.00173995
8.09 0.00174102
8.1 0.00174209
8.11 0.00174316
8.12 0.00174423
8.13 0.0017453
8.14 0.00174637
8.15 0.00174744
8.16 0.00174851
8.17 0.00174958
8.18 0.00175065
8.19 0.00175172
8.2 0.00175279
8.21 0.00175386
8.22 0.00175493
8.23 0.001756
8.24 0.00175707
8.25 0.00175814
8.26 0.00175921
8.27 0.00176028
8.28 0.00176135
8.29 0.00176242
8.3 0.00176349
8.31 0.00176456
8.32 0.00176563
8.33 0.0017667
8.34 0.00176777
8.35 0.00176884
8.36 0.00176991
8.37 0.00177098
8.38 0.00177205
8.39 0.00177312
8.4 0.00177419
8.41 0.00177526
8.42 0.00177633
8.43 0.0017774
8.44 0.00177847
8.45 0.00177954
8.46 0.00178061
8.47 0.00178168
8.48 0.00178275
8.49 0.00178382
8.5 0.00178489
8.51 0.00178596
8.52 0.00178703
8.53 0.0017881
8.54 0.00178917
8.55 0.00179024
8.56 0.00179131
8.57 0.00179238
8.58 0.00179345
8.59 0.00179452
8.6 0.00179559
8.61 0.00179666
8.62 0.00179773
8.63 0.0017988
8.64 0.00179987
8.65 0.00180094
8.66 0.00180201
8.67 0.00180308
8.68 0.00180415
8.69 0.00180522
8.7 0.00180629
8.71 0.00180736
8.72 0.00180843
8.73 0.0018095
8.74 0.00181057
8.75 0.00181164
8.76 0.00181271
8.77 0.00181378
8.78 0.00181485
8.79 0.00181592
8.8 0.00181699
8.81 0.00181806
8.82 0.00181913
8.83 0.00182021
8.84 0.00182128
8.85 0.00182235
8.86 0.00182342
8.87 0.00182449
8.88 0.00182556
8.89 0.00182663
8.9 0.0018277
8.91 0.00182877
8.92 0.00182984
8.93 0.00183091
8.94 0.00183198
8.95 0.00183305
8.96 0.00183412
8.97 0.00183519
8.98 0.00183626
8.99 0.00183733
9 0.0018384
9.01 0.00183947
9.02 0.00184054
9.03 0.00184161
9.04 0.00184268
9.05 0.00184375
9.06 0.00184482
9.07 0.00184589
9.08 0.00184696
9.09 0.00184803
9.1 0.0018491
9.11 0.00185017
9.12 0.00185124
9.13 0.00185231
9.14 0.00185338
9.15 0.00185445
9.16 0.00185552
9.17 0.00185659
9.18 0.00185766
9.19 0.00185873
9.2 0.00185981
9.21 0.00186088
9.22 0.00186195
9.23 0.00186302
9.24 0.00186409
9.25 0.00186516
9.26 0.00186623
9.27 0.0018673
9.28 0.00186837
9.29 0.00186944
9.3 0.00187051
9.31 0.00187158
9.32 0.00187265
9.33 0.00187372
9.34 0.00187479
9.35 0.00187566
9.36 0.00187643
9.37 0.00187725
9.38 0.0018781
9.39 0.00187897
9.4 0.00187985
9.41 0.00188074
9.42 0.00188163
9.43 0.00188253
9.44 0.00188343
9.45 0.00188433
9.46 0.00188523
9.47 0.00188613
9.48 0.00188703
9.49 0.00188793
9.5 0.00188883
9.51 0.00188974
9.52 0.00189064
9.53 0.00189154
9.54 0.00189244
9.55 0.00189334
9.56 0.00189425
9.57 0.00189515
9.58 0.00189605
9.59 0.00189695
9.6 0.00189785
9.61 0.00189875
9.62 0.00189966
9.63 0.00190056
9.64 0.00190146
9.65 0.00190236
9.66 0.00190326
9.67 0.00190417
9.68 0.00190507
9.69 0.00190597
9.7 0.00190687
9.71 0.00190777
9.72 0.00190868
9.73 0.00190958
9.74 0.00191048
9.75 0.00191138
9.76 0.00191228
9.77 0.00191319
9.78 0.00191409
9.79 0.00191499
9.8 0.00191589
9.81 0.00191679
9.82 0.00191769
9.83 0.0019186
9.84 0.0019195
9.85 0.0019204
9.86 0.0019213
9.87 0.0019222
9.88 0.00192311
9.89 0.00192401
9.9 0.00192491
9.91 0.00192581
9.92 0.00192671
9.93 0.00192762
9.94 0.00192852
9.95 0.00192942
9.96 0.00193032
9.97 0.00193122
9.98 0.00193213
9.99 0.00193303
10 0.00193393
