0 0.0003225
0.01 0.000327141
0.02 0.000331712
0.03 0.000336282
0.04 0.000340853
0.05 0.000345424
0.06 0.000349995
0.07 0.000354567
0.08 0.000359138
0.09 0.00036371
0.1 0.000368283
0.11 0.000372856
0.12 0.000377429
0.13 0.000382002
0.14 0.000386576
0.15 0.000391164
0.16 0.00039582
0.17 0.000400471
0.18 0.000405123
0.19 0.000409774
0.2 0.000414426
0.21 0.000419077
0.22 0.000423729
0.23 0.000428381
0.24 0.000433034
0.25 0.000437687
0.26 0.00044234
0.27 0.000446994
0.28 0.000451648
0.29 0.000456302
0.3 0.000460957
0.31 0.000465612
0.32 0.000469877
0.33 0.000473162
0.34 0.000476458
0.35 0.000479755
0.36 0.000483052
0.37 0.000486349
0.38 0.000489646
0.39 0.000492944
0.4 0.000496241
0.41 0.000499539
0.42 0.000502836
0.43 0.000506134
0.44 0.000509432
0.45 0.00051273
0.46 0.000516028
0.47 0.000519327
0.48 0.000522625
0.49 0.000525924
0.5 0.000529223
0.51 0.000532522
0.52 0.000535821
0.53 0.00053912
0.54 0.000542419
0.55 0.000545718
0.56 0.000549054
0.57 0.000552394
0.58 0.000555735
0.59 0.000559075
0.6 0.000562415
0.61 0.000565755
0.62 0.000569095
0.63 0.000572435
0.64 0.000575775
0.65 0.000579115
0.66 0.000582455
0.67 0.000585796
0.68 0.000589136
0.69 0.000592477
0.7 0.000595818
0.71 0.000599158
0.72 0.000602499
0.73 0.00060584
0.74 0.000609182
0.75 0.000612523
0.76 0.000615864
0.77 0.000619206
0.78 0.000622548
0.79 0.000625677
0.8 0.00062819
0.81 0.000630767
0.82 0.000633346
0.83 0.000635925
0.84 0.000638504
0.85 0.000641084
0.86 0.000643663
0.87 0.000646242
0.88 0.000648822
0.89 0.000651401
0.9 0.000653981
0.91 0.00065656
0.92 0.00065914
0.93 0.000661719
0.94 0.000664299
0.95 0.000666879
0.96 0.000669459
0.97 0.000672039
0.98 0.000674619
0.99 0.000677199
1 0.000679779
1.01 0.000682359
1.02 0.000684939
1.03 0.000687519
1.04 0.000690099
1.05 0.00069268
1.06 0.00069526
1.07 0.000697841
1.08 0.000700421
1.09 0.000703002
1.1 0.000705617
1.11 0.000708223
1.12 0.000710828
1.13 0.000713434
1.14 0.000716039
1.15 0.000718644
1.16 0.00072125
1.17 0.000723855
1.18 0.000726461
1.19 0.000729066
1.2 0.000731671
1.21 0.000734277
1.22 0.000736882
1.23 0.000739488
1.24 0.000742093
1.25 0.000744699
1.26 0.000747305
1.27 0.00074991
1.28 0.000752516
1.29 0.000755122
1.3 0.000757728
1.31 0.000760334
1.32 0.00076294
1.33 0.000765546
1.34 0.000768152
1.35 0.000770758
1.36 0.000773364
1.37 0.000775971
1.38 0.000778577
1.39 0.000781183
1.4 0.000783175
1.41 0.000785276
1.42 0.000787392
1.43 0.000789511
1.44 0.000791629
1.45 0.000793747
1.46 0.000795865
1.47 0.000797983
1.48 0.000800101
1.49 0.00080222
1.5 0.000804338
1.51 0.000806456
1.52 0.000808575
1.53 0.000810693
1.54 0.000812811
1.55 0.00081493
1.56 0.000817048
1.57 0.000819167
1.58 0.000821285
1.59 0.000823404
1.6 0.000825522
1.61 0.000827641
1.62 0.000829759
1.63 0.000831878
1.64 0.000833997
1.65 0.000836115
1.66 0.000838234
1.67 0.000840353
1.68 0.000842472
1.69 0.00084459
1.7 0.000846709
1.71 0.000848828
1.72 0.000850947
1.73 0.000853066
1.74 0.000855185
1.75 0.000857304
1.76 0.000859424
1.77 0.00086157
1.78 0.000863706
1.79 0.000865842
1.8 0.000867978
1.81 0.000870113
1.82 0.000872249
1.83 0.000874384
1.84 0.00087652
1.85 0.000878655
1.86 0.000880791
1.87 0.000882927
1.88 0.000885062
1.89 0.000887198
1.9 0.000889333
1.91 0.000891469
1.92 0.000893605
1.93 0.00089574
1.94 0.000897876
1.95 0.000900012
1.96 0.000902148
1.97 0.000904283
1.98 0.000906419
1.99 0.000908555
2 0.000910691
2.01 0.000912827
2.02 0.000914963
2.03 0.000917099
2.04 0.000919235
2.05 0.00092137
2.06 0.000923506
2.07 0.000925643
2.08 0.000927779
2.09 0.000929915
2.1 0.000932051
2.11 0.000934187
2.12 0.000936323
2.13 0.000938209
2.14 0.000939911
2.15 0.000941694
2.16 0.000943488
2.17 0.000945285
2.18 0.000947082
2.19 0.000948878
2.2 0.000950675
2.21 0.000952472
2.22 0.000954269
2.23 0.000956066
2.24 0.000957863
2.25 0.00095966
2.26 0.000961457
2.27 0.000963254
2.28 0.000965051
2.29 0.000966848
2.3 0.000968646
2.31 0.000970443
2.32 0.00097224
2.33 0.000974037
2.34 0.000975834
2.35 0.000977631
2.36 0.000979428
2.37 0.000981226
2.38 0.000983023
2.39 0.00098482
2.4 0.000986617
2.41 0.000988414
2.42 0.000990212
2.43 0.000992009
2.44 0.000993806
2.45 0.000995604
2.46 0.000997401
2.47 0.000999198
2.48 0.001001
2.49 0.00100279
2.5 0.00100459
2.51 0.00100639
2.52 0.00100819
2.53 0.00100998
2.54 0.00101178
2.55 0.00101358
2.56 0.00101538
2.57 0.00101719
2.58 0.001019
2.59 0.00102081
2.6 0.00102262
2.61 0.00102443
2.62 0.00102624
2.63 0.00102805
2.64 0.00102986
2.65 0.00103167
2.66 0.00103348
2.67 0.00103529
2.68 0.0010371
2.69 0.00103891
2.7 0.00104072
2.71 0.00104253
2.72 0.00104434
2.73 0.00104615
2.74 0.00104796
2.75 0.00104976
2.76 0.00105157
2.77 0.00105338
2.78 0.00105519
2.79 0.001057
2.8 0.00105881
2.81 0.00106062
2.82 0.00106243
2.83 0.00106424
2.84 0.00106605
2.85 0.00106786
2.86 0.00106967
2.87 0.00107148
2.88 0.00107329
2.89 0.0010751
2.9 0.00107691
2.91 0.00107872
2.92 0.00108053
2.93 0.00108234
2.94 0.00108415
2.95 0.00108596
2.96 0.00108777
2.97 0.00108958
2.98 0.00109138
2.99 0.00109319
3 0.00109469
3.01 0.00109617
3.02 0.00109771
3.03 0.00109927
3.04 0.00110083
3.05 0.00110239
3.06 0.00110395
3.07 0.00110551
3.08 0.00110707
3.09 0.00110863
3.1 0.00111019
3.11 0.00111175
3.12 0.00111331
3.13 0.00111487
3.14 0.00111643
3.15 0.00111799
3.16 0.00111955
3.17 0.00112111
3.18 0.00112267
3.19 0.00112423
3.2 0.00112579
3.21 0.00112735
3.22 0.00112891
3.23 0.00113047
3.24 0.00113203
3.25 0.00113359
3.26 0.00113515
3.27 0.00113672
3.28 0.00113828
3.29 0.00113984
3.3 0.0011414
3.31 0.00114296
3.32 0.00114452
3.33 0.00114608
3.34 0.00114764
3.35 0.0011492
3.36 0.00115076
3.37 0.00115232
3.38 0.00115388
3.39 0.00115544
3.4 0.001157
3.41 0.00115856
3.42 0.00116012
3.43 0.00116168
3.44 0.00116324
3.45 0.00116481
3.46 0.00116637
3.47 0.00116793
3.48 0.00116949
3.49 0.00117105
3.5 0.00117262
3.51 0.0011742
3.52 0.00117577
3.53 0.00117734
3.54 0.00117891
3.55 0.00118047
3.56 0.00118204
3.57 0.00118361
3.58 0.00118518
3.59 0.00118675
3.6 0.00118832
3.61 0.00118989
3.62 0.00119146
3.63 0.00119303
3.64 0.0011946
3.65 0.00119617
3.66 0.00119774
3.67 0.00119931
3.68 0.00120088
3.69 0.00120245
3.7 0.00120402
3.71 0.00120559
3.72 0.00120716
3.73 0.00120873
3.74 0.0012103
3.75 0.00121187
3.76 0.00121344
3.77 0.00121501
3.78 0.00121658
3.79 0.00121815
3.8 0.00121972
3.81 0.00122129
3.82 0.00122286
3.83 0.00122443
3.84 0.001226
3.85 0.00122757
3.86 0.00122914
3.87 0.00123071
3.88 0.00123228
3.89 0.00123385
3.9 0.00123542
3.91 0.00123698
3.92 0.00123855
3.93 0.00124012
3.94 0.00124169
3.95 0.00124326
3.96 0.00124483
3.97 0.0012464
3.98 0.00124797
3.99 0.00124954
4 0.00125084
4.01 0.00125213
4.02 0.00125348
4.03 0.00125485
4.04 0.00125622
4.05 0.0012576
4.06 0.00125898
4.07 0.00126036
4.08 0.00126173
4.09 0.00126311
4.1 0.00126449
4.11 0.00126587
4.12 0.00126725
4.13 0.00126863
4.14 0.00127001
4.15 0.00127139
4.16 0.00127277
4.17 0.00127414
4.18 0.00127552
4.19 0.0012769
4.2 0.00127828
4.21 0.00127966
4.22 0.00128104
4.23 0.00128242
4.24 0.0012838
4.25 0.00128518
4.26 0.00128655
4.27 0.00128793
4.28 0.00128931
4.29 0.00129069
4.3 0.00129207
4.31 0.00129345
4.32 0.00129483
4.33 0.00129621
4.34 0.00129759
4.35 0.00129896
4.36 0.00130034
4.37 0.00130172
4.38 0.0013031
4.39 0.00130448
4.4 0.00130586
4.41 0.00130724
4.42 0.00130862
4.43 0.00131
4.44 0.00131137
4.45 0.00131275
4.46 0.00131413
4.47 0.00131551
4.48 0.00131689
4.49 0.00131827
4.5 0.00131965
4.51 0.00132103
4.52 0.00132241
4.53 0.00132379
4.54 0.00132517
4.55 0.00132654
4.56 0.00132792
4.57 0.00132932
4.58 0.00133071
4.59 0.00133209
4.6 0.00133348
4.61 0.00133487
4.62 0.00133625
4.63 0.00133764
4.64 0.00133902
4.65 0.00134041
4.66 0.0013418
4.67 0.00134318
4.68 0.00134457
4.69 0.00134595
4.7 0.00134734
4.71 0.00134873
4.72 0.00135011
4.73 0.0013515
4.74 0.00135288
4.75 0.00135427
4.76 0.00135566
4.77 0.00135704
4.78 0.00135843
4.79 0.00135981
4.8 0.0013612
4.81 0.00136259
4.82 0.00136397
4.83 0.00136536
4.84 0.00136674
4.85 0.00136813
4.86 0.00136952
4.87 0.0013709
4.88 0.00137229
4.89 0.00137367
4.9 0.00137506
4.91 0.00137645
4.92 0.00137783
4.93 0.00137922
4.94 0.00138061
4.95 0.00138199
4.96 0.00138338
4.97 0.00138476
4.98 0.00138615
4.99 0.00138754
5 0.00138892
5.01 0.00139031
5.02 0.00139169
5.03 0.00139308
5.04 0.00139447
5.05 0.00139585
5.06 0.00139724
5.07 0.00139862
5.08 0.00140001
5.09 0.0014014
5.1 0.00140278
5.11 0.00140417
5.12 0.00140556
5.13 0.00140676
5.14 0.00140788
5.15 0.00140907
5.16 0.00141029
5.17 0.00141152
5.18 0.00141275
5.19 0.00141398
5.2 0.00141522
5.21 0.00141645
5.22 0.00141769
5.23 0.00141892
5.24 0.00142016
5.25 0.00142139
5.26 0.00142263
5.27 0.00142386
5.28 0.0014251
5.29 0.00142633
5.3 0.00142757
5.31 0.0014288
5.32 0.00143004
5.33 0.00143127
5.34 0.00143251
5.35 0.00143374
5.36 0.00143498
5.37 0.00143621
5.38 0.00143745
5.39 0.00143868
5.4 0.00143992
5.41 0.00144115
5.42 0.00144239
5.43 0.00144362
5.44 0.00144486
5.45 0.00144609
5.46 0.00144733
5.47 0.00144856
5.48 0.0014498
5.49 0.00145103
5.5 0.00145227
5.51 0.00145351
5.52 0.00145474
5.53 0.00145598
5.54 0.00145721
5.55 0.00145845
5.56 0.00145968
5.57 0.00146092
5.58 0.00146215
5.59 0.00146339
5.6 0.00146462
5.61 0.00146586
5.62 0.00146709
5.63 0.00146833
5.64 0.00146956
5.65 0.0014708
5.66 0.00147203
5.67 0.00147327
5.68 0.0014745
5.69 0.00147574
5.7 0.00147697
5.71 0.00147821
5.72 0.00147945
5.73 0.00148068
5.74 0.00148192
5.75 0.00148315
5.76 0.00148439
5.77 0.00148564
5.78 0.00148688
5.79 0.00148812
5.8 0.00148936
5.81 0.0014906
5.82 0.00149185
5.83 0.00149309
5.84 0.00149433
5.85 0.00149557
5.86 0.00149681
5.87 0.00149805
5.88 0.00149929
5.89 0.00150053
5.9 0.00150177
5.91 0.00150301
5.92 0.00150425
5.93 0.00150549
5.94 0.00150674
5.95 0.00150798
5.96 0.00150922
5.97 0.00151046
5.98 0.0015117
5.99 0.00151294
6 0.00151418
6.01 0.00151542
6.02 0.00151666
6.03 0.0015179
6.04 0.00151914
6.05 0.00152038
6.06 0.00152163
6.07 0.00152287
6.08 0.00152411
6.09 0.00152535
6.1 0.00152659
6.11 0.00152783
6.12 0.00152907
6.13 0.00153031
6.14 0.00153155
6.15 0.00153279
6.16 0.00153403
6.17 0.00153528
6.18 0.00153652
6.19 0.00153776
6.2 0.001539
6.21 0.00154024
6.22 0.00154148
6.23 0.00154272
6.24 0.00154396
6.25 0.0015452
6.26 0.00154644
6.27 0.00154768
6.28 0.00154892
6.29 0.00155017
6.3 0.00155141
6.31 0.00155265
6.32 0.00155389
6.33 0.00155513
6.34 0.00155637
6.35 0.00155761
6.36 0.00155885
6.37 0.00156009
6.38 0.00156133
6.39 0.00156257
6.4 0.00156351
6.41 0.00156455
6.42 0.00156564
6.43 0.00156674
6.44 0.00156785
6.45 0.00156897
6.46 0.00157008
6.47 0.0015712
6.48 0.00157232
6.49 0.00157344
6.5 0.00157456
6.51 0.00157567
6.52 0.00157679
6.53 0.00157791
6.54 0.00157903
6.55 0.00158015
6.56 0.00158127
6.57 0.00158239
6.58 0.0015835
6.59 0.00158462
6.6 0.00158574
6.61 0.00158686
6.62 0.00158798
6.63 0.0015891
6.64 0.00159021
6.65 0.00159133
6.66 0.00159245
6.67 0.00159357
6.68 0.00159469
6.69 0.00159581
6.7 0.00159693
6.71 0.00159804
6.72 0.00159916
6.73 0.00160028
6.74 0.0016014
6.75 0.00160252
6.76 0.00160364
6.77 0.00160476
6.78 0.00160587
6.79 0.00160699
6.8 0.00160811
6.81 0.00160923
6.82 0.00161035
6.83 0.00161147
6.84 0.00161259
6.85 0.0016137
6.86 0.00161482
6.87 0.00161594
6.88 0.00161706
6.89 0.00161818
6.9 0.0016193
6.91 0.00162042
6.92 0.00162154
6.93 0.00162265
6.94 0.00162377
6.95 0.00162489
6.96 0.00162601
6.97 0.00162713
6.98 0.00162825
6.99 0.00162937
7 0.00163048
7.01 0.0016316
7.02 0.00163272
7.03 0.00163384
7.04 0.00163496
7.05 0.00163608
7.06 0.0016372
7.07 0.00163831
7.08 0.00163943
7.09 0.00164055
7.1 0.00164168
7.11 0.00164281
7.12 0.00164393
7.13 0.00164506
7.14 0.00164618
7.15 0.00164731
7.16 0.00164843
7.17 0.00164955
7.18 0.00165067
7.19 0.0016518
7.2 0.00165292
7.21 0.00165404
7.22 0.00165517
7.23 0.00165629
7.24 0.00165741
7.25 0.00165854
7.26 0.00165966
7.27 0.00166078
7.28 0.00166191
7.29 0.00166303
7.3 0.00166415
7.31 0.00166528
7.32 0.0016664
7.33 0.00166752
7.34 0.00166865
7.35 0.00166977
7.36 0.00167089
7.37 0.00167202
7.38 0.00167314
7.39 0.00167426
7.4 0.00167538
7.41 0.00167651
7.42 0.00167763
7.43 0.00167875
7.44 0.00167988
7.45 0.001681
7.46 0.00168212
7.47 0.00168325
7.48 0.00168437
7.49 0.00168549
7.5 0.00168662
7.51 0.00168774
7.52 0.00168886
7.53 0.00168999
7.54 0.00169111
7.55 0.00169223
7.56 0.00169336
7.57 0.00169448
7.58 0.0016956
7.59 0.00169673
7.6 0.00169785
7.61 0.00169897
7.62 0.0017001
7.63 0.00170122
7.64 0.00170234
7.65 0.00170346
7.66 0.00170459
7.67 0.00170571
7.68 0.00170683
7.69 0.00170796
7.7 0.00170908
7.71 0.0017102
7.72 0.00171133
7.73 0.00171245
7.74 0.00171357
7.75 0.0017147
7.76 0.00171582
7.77 0.00171694
7.78 0.00171807
7.79 0.00171908
7.8 0.00171997
7.81 0.00172093
7.82 0.00172192
7.83 0.00172293
7.84 0.00172394
7.85 0.00172496
7.86 0.00172598
7.87 0.001727
7.88 0.00172802
7.89 0.00172904
7.9 0.00173006
7.91 0.00173109
7.92 0.00173211
7.93 0.00173313
7.94 0.00173415
7.95 0.00173517
7.96 0.0017362
7.97 0.00173722
7.98 0.00173824
7.99 0.00173926
8 0.00174028
8.01 0.00174131
8.02 0.00174233
8.03 0.00174335
8.04 0.00174437
8.05 0.00174539
8.06 0.00174642
8.07 0.00174744
8.08 0.00174846
8.09 0.00174948
8.1 0.0017505
8.11 0.00175153
8.12 0.00175255
8.13 0.00175357
8.14 0.00175459
8.15 0.00175561
8.16 0.00175664
8.17 0.00175766
8.18 0.00175868
8.19 0.0017597
8.2 0.00176073
8.21 0.00176175
8.22 0.00176277
8.23 0.00176379
8.24 0.00176481
8.25 0.00176584
8.26 0.00176686
8.27 0.00176788
8.28 0.0017689
8.29 0.00176992
8.3 0.00177095
8.31 0.00177197
8.32 0.00177299
8.33 0.00177401
8.34 0.00177503
8.35 0.00177606
8.36 0.00177708
8.37 0.0017781
8.38 0.00177912
8.39 0.00178015
8.4 0.00178117
8.41 0.00178219
8.42 0.00178321
8.43 0.00178423
8.44 0.00178526
8.45 0.00178628
8.46 0.0017873
8.47 0.00178832
8.48 0.00178934
8.49 0.00179037
8.5 0.00179139
8.51 0.00179241
8.52 0.00179343
8.53 0.00179445
8.54 0.00179548
8.55 0.0017965
8.56 0.00179753
8.57 0.00179856
8.58 0.00179959
8.59 0.00180062
8.6 0.00180164
8.61 0.00180267
8.62 0.00180369
8.63 0.00180472
8.64 0.00180575
8.65 0.00180677
8.66 0.0018078
8.67 0.00180882
8.68 0.00180985
8.69 0.00181088
8.7 0.0018119
8.71 0.00181293
8.72 0.00181395
8.73 0.00181498
8.74 0.001816
8.75 0.00181703
8.76 0.00181806
8.77 0.00181908
8.78 0.00182011
8.79 0.00182113
8.8 0.00182216
8.81 0.00182319
8.82 0.00182421
8.83 0.00182524
8.84 0.00182626
8.85 0.00182729
8.86 0.00182832
8.87 0.00182934
8.88 0.00183037
8.89 0.00183139
8.9 0.00183242
8.91 0.00183344
8.92 0.00183447
8.93 0.0018355
8.94 0.00183652
8.95 0.00183755
8.96 0.00183857
8.97 0.0018396
8.98 0.00184063
8.99 0.00184165
9 0.00184268
9.01 0.0018437
9.02 0.00184473
9.03 0.00184576
9.04 0.00184678
9.05 0.00184781
9.06 0.00184883
9.07 0.00184986
9.08 0.00185088
9.09 0.00185191
9.1 0.00185294
9.11 0.00185396
9.12 0.00185499
9.13 0.00185601
9.14 0.00185704
9.15 0.00185807
9.16 0.00185909
9.17 0.00186012
9.18 0.00186114
9.19 0.00186217
9.2 0.0018632
9.21 0.00186422
9.22 0.00186525
9.23 0.00186627
9.24 0.0018673
9.25 0.00186833
9.26 0.00186935
9.27 0.00187038
9.28 0.0018714
9.29 0.00187243
9.3 0.00187345
9.31 0.00187448
9.32 0.00187538
9.33 0.0018762
9.34 0.00187709
9.35 0.00187799
9.36 0.00187892
9.37 0.00187984
9.38 0.00188078
9.39 0.00188172
9.4 0.00188265
9.41 0.00188359
9.42 0.00188453
9.43 0.00188547
9.44 0.00188641
9.45 0.00188735
9.46 0.0018883
9.47 0.00188924
9.48 0.00189018
9.49 0.00189112
9.5 0.00189206
9.51 0.001893
9.52 0.00189394
9.53 0.00189488
9.54 0.00189582
9.55 0.00189676
9.56 0.0018977
9.57 0.00189865
9.58 0.00189959
9.59 0.00190053
9.6 0.00190147
9.61 0.00190241
9.62 0.00190335
9.63 0.00190429
9.64 0.00190523
9.65 0.00190617
9.66 0.00190711
9.67 0.00190805
9.68 0.001909
9.69 0.00190994
9.7 0.00191088
9.71 0.00191182
9.72 0.00191276
9.73 0.0019137
9.74 0.00191464
9.75 0.00191558
9.76 0.00191652
9.77 0.00191746
9.78 0.00191841
9.79 0.00191935
9.8 0.00192029
9.81 0.00192123
9.82 0.00192217
9.83 0.00192311
9.84 0.00192405
9.85 0.00192499
9.86 0.00192593
9.87 0.00192687
9.88 0.00192781
9.89 0.00192876
9.9 0.0019297
9.91 0.00193064
9.92 0.00193158
9.93 0.00193252
9.94 0.00193346
9.95 0.0019344
9.96 0.00193534
9.97 0.00193628
9.98 0.00193722
9.99 0.00193817
10 0.00193911
