0 0.0003225
0.01 0.000326886
0.02 0.00033878
0.03 0.000351704
0.04 0.000372115
0.05 0.00039466
0.06 0.000399788
0.07 0.000404684
0.08 0.000409257
0.09 0.000413665
0.1 0.000417983
0.11 0.000422335
0.12 0.000426628
0.13 0.000430825
0.14 0.00043497
0.15 0.000438985
0.16 0.000442855
0.17 0.000446634
0.18 0.000450403
0.19 0.000454059
0.2 0.000457579
0.21 0.000461118
0.22 0.000464617
0.23 0.000468072
0.24 0.000478291
0.25 0.000512872
0.26 0.000551814
0.27 0.000556113
0.28 0.000559661
0.29 0.000563105
0.3 0.00056633
0.31 0.000569689
0.32 0.000573079
0.33 0.000576641
0.34 0.000580063
0.35 0.000583198
0.36 0.000586137
0.37 0.000588932
0.38 0.000591651
0.39 0.000594356
0.4 0.00059716
0.41 0.000600217
0.42 0.000603314
0.43 0.000606237
0.44 0.000608866
0.45 0.000611336
0.46 0.000613672
0.47 0.000616116
0.48 0.000618689
0.49 0.000621492
0.5 0.000624342
0.51 0.00063059
0.52 0.000658506
0.53 0.000707122
0.54 0.000711095
0.55 0.000714006
0.56 0.000716806
0.57 0.00071955
0.58 0.000722271
0.59 0.000724911
0.6 0.000727448
0.61 0.000729783
0.62 0.000732094
0.63 0.00073454
0.64 0.000736992
0.65 0.000739394
0.66 0.000741834
0.67 0.000744409
0.68 0.000747068
0.69 0.0007495
0.7 0.000751748
0.71 0.000753633
0.72 0.00075551
0.73 0.000757573
0.74 0.000760131
0.75 0.000762697
0.76 0.000764546
0.77 0.000766123
0.78 0.000768406
0.79 0.000771115
0.8 0.000772648
0.81 0.000774217
0.82 0.000776771
0.83 0.00077916
0.84 0.000780802
0.85 0.000790937
0.86 0.000818773
0.87 0.000862648
0.88 0.000865848
0.89 0.000869115
0.9 0.000871505
0.91 0.000873159
0.92 0.000875285
0.93 0.000878388
0.94 0.000880867
0.95 0.000882145
0.96 0.000883991
0.97 0.000886846
0.98 0.000889331
0.99 0.000890695
1 0.000892217
1.01 0.000894942
1.02 0.000897491
1.03 0.000898782
1.04 0.000900061
1.05 0.000902549
1.06 0.000905141
1.07 0.000906515
1.08 0.000907647
1.09 0.000910181
1.1 0.000912543
1.11 0.000913513
1.12 0.000914855
1.13 0.000917529
1.14 0.000919437
1.15 0.000920286
1.16 0.000921673
1.17 0.000924372
1.18 0.000926194
1.19 0.000926841
1.2 0.000928703
1.21 0.000931287
1.22 0.000932696
1.23 0.000933382
1.24 0.000935705
1.25 0.00093816
1.26 0.000946284
1.27 0.000966196
1.28 0.00101496
1.29 0.00102067
1.3 0.00102294
1.31 0.0010256
1.32 0.00102751
1.33 0.00102876
1.34 0.00103036
1.35 0.00103271
1.36 0.00103532
1.37 0.00103712
1.38 0.00103818
1.39 0.00103957
1.4 0.00104185
1.41 0.00104431
1.42 0.0010461
1.43 0.00104712
1.44 0.00104843
1.45 0.00105051
1.46 0.00105283
1.47 0.00105446
1.48 0.00105537
1.49 0.00105658
1.5 0.00105874
1.51 0.00106101
1.52 0.00106243
1.53 0.00106335
1.54 0.00106471
1.55 0.00106683
1.56 0.00106886
1.57 0.00107013
1.58 0.00107106
1.59 0.00107264
1.6 0.0010748
1.61 0.00107629
1.62 0.00107707
1.63 0.00107875
1.64 0.00108085
1.65 0.00108163
1.66 0.00108294
1.67 0.00108513
1.68 0.00108601
1.69 0.00108712
1.7 0.0010893
1.71 0.00109032
1.72 0.00109128
1.73 0.00109339
1.74 0.00109492
1.75 0.0011029
1.76 0.00111084
1.77 0.00113393
1.78 0.0011744
1.79 0.00117699
1.8 0.00117934
1.81 0.0011802
1.82 0.00118138
1.83 0.00118362
1.84 0.00118666
1.85 0.00118795
1.86 0.0011883
1.87 0.00119032
1.88 0.00119326
1.89 0.00119451
1.9 0.00119525
1.91 0.00119633
1.92 0.00119883
1.93 0.00120124
1.94 0.00120133
1.95 0.00120233
1.96 0.00120536
1.97 0.0012066
1.98 0.00120664
1.99 0.001209
2 0.00121141
2.01 0.00121132
2.02 0.00121277
2.03 0.00121555
2.04 0.0012163
2.05 0.00121649
2.06 0.00121952
2.07 0.00122106
2.08 0.00122103
2.09 0.00122274
2.1 0.00122553
2.11 0.0012258
2.12 0.00122641
2.13 0.00122919
2.14 0.00123015
2.15 0.00123018
2.16 0.001233
2.17 0.00123436
2.18 0.00123443
2.19 0.00123631
2.2 0.00123827
2.21 0.00123874
2.22 0.00123968
2.23 0.00124165
2.24 0.001243
2.25 0.00124346
2.26 0.00124465
2.27 0.00124658
2.28 0.00124779
2.29 0.00124817
2.3 0.00124935
2.31 0.00125342
2.32 0.00126071
2.33 0.00127526
2.34 0.00130532
2.35 0.00133049
2.36 0.00133234
2.37 0.00133413
2.38 0.00133556
2.39 0.00133631
2.4 0.00133731
2.41 0.00133912
2.42 0.00134146
2.43 0.00134342
2.44 0.00134441
2.45 0.00134491
2.46 0.00134623
2.47 0.00134852
2.48 0.00135057
2.49 0.00135155
2.5 0.00135208
2.51 0.00135338
2.52 0.00135555
2.53 0.00135741
2.54 0.00135821
2.55 0.00135883
2.56 0.00136031
2.57 0.00136237
2.58 0.00136394
2.59 0.00136458
2.6 0.00136535
2.61 0.00136692
2.62 0.00136889
2.63 0.00137016
2.64 0.00137087
2.65 0.00137175
2.66 0.00137337
2.67 0.0013751
2.68 0.00137621
2.69 0.00137691
2.7 0.00137797
2.71 0.00137954
2.72 0.00138106
2.73 0.00138207
2.74 0.00138284
2.75 0.00138395
2.76 0.00138545
2.77 0.00138679
2.78 0.00138768
2.79 0.00138855
2.8 0.0013899
2.81 0.00139127
2.82 0.00139227
2.83 0.00139314
2.84 0.00139437
2.85 0.00139568
2.86 0.00139659
2.87 0.00139758
2.88 0.00139891
2.89 0.00139987
2.9 0.00140083
2.91 0.00140213
2.92 0.00140307
2.93 0.00140404
2.94 0.00140531
2.95 0.00140622
2.96 0.0014105
2.97 0.00141566
2.98 0.00143379
2.99 0.00146627
3 0.00148903
3.01 0.00149005
3.02 0.00149179
3.03 0.00149527
3.04 0.00149537
3.05 0.00149611
3.06 0.00149963
3.07 0.00149976
3.08 0.00150048
3.09 0.00150378
3.1 0.00150359
3.11 0.00150468
3.12 0.00150797
3.13 0.00150733
3.14 0.00150895
3.15 0.00151158
3.16 0.00151058
3.17 0.00151318
3.18 0.00151466
3.19 0.00151404
3.2 0.00151728
3.21 0.00151757
3.22 0.00151788
3.23 0.00152097
3.24 0.00152045
3.25 0.00152181
3.26 0.00152433
3.27 0.00152351
3.28 0.00152578
3.29 0.00152739
3.3 0.00152679
3.31 0.00152966
3.32 0.00153019
3.33 0.00153029
3.34 0.00153317
3.35 0.00153293
3.36 0.00153397
3.37 0.0015364
3.38 0.00153581
3.39 0.0015377
3.4 0.00153932
3.41 0.00153885
3.42 0.00154127
3.43 0.001542
3.44 0.00154206
3.45 0.0015446
3.46 0.00154463
3.47 0.00154547
3.48 0.00154766
3.49 0.00154735
3.5 0.00154888
3.51 0.00155048
3.52 0.00155021
3.53 0.00155223
3.54 0.00155312
3.55 0.00155325
3.56 0.0015554
3.57 0.00155573
3.58 0.00155641
3.59 0.00155838
3.6 0.00155839
3.61 0.00155956
3.62 0.00156116
3.63 0.00156108
3.64 0.00156397
3.65 0.00157244
3.66 0.00159015
3.67 0.0016371
3.68 0.00164493
3.69 0.00164621
3.7 0.00164677
3.71 0.00164963
3.72 0.0016518
3.73 0.00165181
3.74 0.00165261
3.75 0.00165521
3.76 0.00165685
3.77 0.00165692
3.78 0.00165802
3.79 0.00166044
3.8 0.00166172
3.81 0.00166174
3.82 0.00166283
3.83 0.00166511
3.84 0.00166629
3.85 0.00166632
3.86 0.00166761
3.87 0.00166977
3.88 0.00167054
3.89 0.00167068
3.9 0.00167226
3.91 0.00167415
3.92 0.00167454
3.93 0.00167495
3.94 0.0016768
3.95 0.00167841
3.96 0.0016786
3.97 0.00167935
3.98 0.00168114
3.99 0.00168245
4 0.00168266
4.01 0.00168352
4.02 0.0016853
4.03 0.00168631
4.04 0.00168663
4.05 0.00168777
4.06 0.00168936
4.07 0.00169015
4.08 0.00169058
4.09 0.00169181
4.1 0.00169324
4.11 0.00169383
4.12 0.00169448
4.13 0.00169588
4.14 0.00169692
4.15 0.00169739
4.16 0.00169847
4.17 0.00169977
4.18 0.00170033
4.19 0.00170119
4.2 0.00170252
4.21 0.00170314
4.22 0.00170394
4.23 0.00170523
4.24 0.00170581
4.25 0.00170678
4.26 0.00170792
4.27 0.00170843
4.28 0.0017096
4.29 0.00171048
4.3 0.00171112
4.31 0.00171234
4.32 0.00171301
4.33 0.00171383
4.34 0.00171497
4.35 0.00171555
4.36 0.00171654
4.37 0.0017175
4.38 0.00171811
4.39 0.00172
4.4 0.00172777
4.41 0.00174426
4.42 0.00179237
4.43 0.00179968
4.44 0.00180188
4.45 0.00180493
4.46 0.00180611
4.47 0.00180552
4.48 0.00180886
4.49 0.00181011
4.5 0.00180938
4.51 0.00181279
4.52 0.00181314
4.53 0.00181293
4.54 0.00181654
4.55 0.0018164
4.56 0.0018166
4.57 0.00182012
4.58 0.0018192
4.59 0.00182035
4.6 0.00182329
4.61 0.00182171
4.62 0.00182444
4.63 0.00182561
4.64 0.0018247
4.65 0.00182828
4.66 0.00182749
4.67 0.00182845
4.68 0.00183112
4.69 0.00182969
4.7 0.00183235
4.71 0.00183329
4.72 0.00183263
4.73 0.00183585
4.74 0.00183518
4.75 0.00183618
4.76 0.00183857
4.77 0.00183738
4.78 0.00183984
4.79 0.00184067
4.8 0.00184024
4.81 0.0018431
4.82 0.0018426
4.83 0.0018436
4.84 0.00184575
4.85 0.00184487
4.86 0.0018471
4.87 0.00184792
4.88 0.00184765
4.89 0.00185021
4.9 0.00184987
4.91 0.00185085
4.92 0.00185277
4.93 0.00185211
4.94 0.00185412
4.95 0.00185488
4.96 0.00185482
4.97 0.00185712
4.98 0.00185694
4.99 0.00185786
5 0.0018596
5.01 0.00185914
5.02 0.00186091
5.03 0.00186168
5.04 0.00186172
5.05 0.00186374
5.06 0.00186369
5.07 0.0018646
5.08 0.00186611
5.09 0.00186587
5.1 0.00186747
5.11 0.00186822
5.12 0.00186838
5.13 0.00187005
5.14 0.00187039
5.15 0.00187089
5.16 0.00187234
5.17 0.00187284
5.18 0.00187322
5.19 0.00187449
5.2 0.00187557
5.21 0.00188244
5.22 0.00189336
5.23 0.00192114
5.24 0.00195568
5.25 0.001957
5.26 0.00195915
5.27 0.00195984
5.28 0.0019595
5.29 0.0019607
5.3 0.00196338
5.31 0.00196479
5.32 0.00196442
5.33 0.00196501
5.34 0.00196787
5.35 0.00196912
5.36 0.0019687
5.37 0.00196956
5.38 0.00197202
5.39 0.00197286
5.4 0.00197252
5.41 0.00197384
5.42 0.00197595
5.43 0.00197648
5.44 0.00197632
5.45 0.00197786
5.46 0.0019797
5.47 0.00198002
5.48 0.00198024
5.49 0.00198178
5.5 0.00198327
5.51 0.00198363
5.52 0.00198405
5.53 0.00198545
5.54 0.00198673
5.55 0.00198715
5.56 0.00198776
5.57 0.00198911
5.58 0.00199017
5.59 0.00199062
5.6 0.0019914
5.61 0.00199267
5.62 0.00199355
5.63 0.00199404
5.64 0.00199494
5.65 0.00199615
5.66 0.00199686
5.67 0.00199743
5.68 0.00199844
5.69 0.00199948
5.7 0.00200017
5.71 0.00200081
5.72 0.00200177
5.73 0.00200271
5.74 0.00200343
5.75 0.00200414
5.76 0.00200505
5.77 0.00200595
5.78 0.00200667
5.79 0.00200742
5.8 0.00200831
5.81 0.00200914
5.82 0.00200985
5.83 0.00201063
5.84 0.00201151
5.85 0.00201227
5.86 0.00201298
5.87 0.00201381
5.88 0.00201463
5.89 0.00201535
5.9 0.0020161
5.91 0.00201693
5.92 0.00201771
5.93 0.00201841
5.94 0.0020192
5.95 0.00201998
5.96 0.00202068
5.97 0.00202147
5.98 0.00202219
5.99 0.00202292
6 0.00202367
6.01 0.0020244
6.02 0.00202514
6.03 0.00202589
6.04 0.00202662
6.05 0.00202735
6.06 0.00202808
6.07 0.0020288
6.08 0.00202954
6.09 0.00203025
6.1 0.00203097
6.11 0.00203249
6.12 0.00203514
6.13 0.0020394
6.14 0.00204486
6.15 0.00205621
6.16 0.00207468
6.17 0.00211062
6.18 0.00211233
6.19 0.00211378
6.2 0.00211804
6.21 0.00211582
6.22 0.00211894
6.23 0.00212062
6.24 0.00211906
6.25 0.00212369
6.26 0.00212205
6.27 0.00212371
6.28 0.00212634
6.29 0.00212426
6.3 0.00212826
6.31 0.00212759
6.32 0.00212811
6.33 0.00213136
6.34 0.00212925
6.35 0.00213253
6.36 0.0021328
6.37 0.0021324
6.38 0.00213591
6.39 0.00213422
6.4 0.00213657
6.41 0.00213775
6.42 0.00213684
6.43 0.00214015
6.44 0.00213905
6.45 0.00214052
6.46 0.00214237
6.47 0.00214118
6.48 0.00214412
6.49 0.00214378
6.5 0.00214438
6.51 0.00214669
6.52 0.00214551
6.53 0.00214789
6.54 0.00214829
6.55 0.00214825
6.56 0.00215069
6.57 0.00214983
6.58 0.00215155
6.59 0.00215256
6.6 0.00215216
6.61 0.00215454
6.62 0.00215411
6.63 0.00215521
6.64 0.0021567
6.65 0.00215613
6.66 0.00215822
6.67 0.00215832
6.68 0.00215884
6.69 0.00216062
6.7 0.00216012
6.71 0.00216178
6.72 0.00216239
6.73 0.00216252
6.74 0.00216435
6.75 0.00216411
6.76 0.00216532
6.77 0.00216634
6.78 0.00216626
6.79 0.00216796
6.8 0.00216804
6.81 0.00216882
6.82 0.00217009
6.83 0.00216998
6.84 0.00217145
6.85 0.00217186
6.86 0.00217231
6.87 0.00217369
6.88 0.00217368
6.89 0.00217481
6.9 0.00217556
6.91 0.00217579
6.92 0.00217715
6.93 0.00217732
6.94 0.00217815
6.95 0.00217912
6.96 0.00217925
6.97 0.00218048
6.98 0.00218089
6.99 0.00218148
7 0.00218256
7.01 0.00218272
7.02 0.00218378
7.03 0.00218439
7.04 0.00218482
7.05 0.00218592
7.06 0.00218618
7.07 0.00218702
7.08 0.00218789
7.09 0.00219296
7.1 0.00220612
7.11 0.00223689
7.12 0.0022677
7.13 0.00226897
7.14 0.00227016
7.15 0.00227408
7.16 0.00227395
7.17 0.0022732
7.18 0.00227624
7.19 0.00227802
7.2 0.00227727
7.21 0.00227786
7.22 0.00228042
7.23 0.00228133
7.24 0.00228085
7.25 0.00228197
7.26 0.0022841
7.27 0.00228466
7.28 0.0022845
7.29 0.0022857
7.3 0.00228747
7.31 0.00228803
7.32 0.00228812
7.33 0.00228921
7.34 0.00229073
7.35 0.0022914
7.36 0.00229161
7.37 0.00229255
7.38 0.0022939
7.39 0.00229466
7.4 0.00229503
7.41 0.00229587
7.42 0.00229705
7.43 0.00229782
7.44 0.00229827
7.45 0.00229907
7.46 0.00230011
7.47 0.0023009
7.48 0.00230145
7.49 0.00230223
7.5 0.00230318
7.51 0.00230395
7.52 0.00230457
7.53 0.00230532
7.54 0.00230621
7.55 0.00230697
7.56 0.00230762
7.57 0.00230835
7.58 0.00230916
7.59 0.0023099
7.6 0.00231058
7.61 0.00231131
7.62 0.00231208
7.63 0.0023128
7.64 0.00231348
7.65 0.00231422
7.66 0.00231498
7.67 0.00231567
7.68 0.00231637
7.69 0.00231709
7.7 0.00231783
7.71 0.00231848
7.72 0.00231915
7.73 0.00231986
7.74 0.00232054
7.75 0.00232121
7.76 0.0023219
7.77 0.0023226
7.78 0.00232328
7.79 0.00232395
7.8 0.00232466
7.81 0.00232534
7.82 0.00232602
7.83 0.0023267
7.84 0.00232736
7.85 0.00232804
7.86 0.00232869
7.87 0.00232935
7.88 0.00233002
7.89 0.00233067
7.9 0.00233134
7.91 0.00233199
7.92 0.00233264
7.93 0.00233329
7.94 0.00233393
7.95 0.00233459
7.96 0.00233523
7.97 0.00233587
7.98 0.00233652
7.99 0.00233715
8 0.00233779
8.01 0.00233843
8.02 0.00233906
8.03 0.0023397
8.04 0.00234032
8.05 0.00234096
8.06 0.00234158
8.07 0.0023422
8.08 0.00234283
8.09 0.00234345
8.1 0.00234493
8.11 0.00235024
8.12 0.00235841
8.13 0.00237072
8.14 0.00238962
8.15 0.002425
8.16 0.00242607
8.17 0.0024268
8.18 0.00242966
8.19 0.00243276
8.2 0.00243018
8.21 0.00243318
8.22 0.00243519
8.23 0.0024329
8.24 0.0024379
8.25 0.00243575
8.26 0.00243724
8.27 0.00244021
8.28 0.00243742
8.29 0.00244199
8.3 0.00244062
8.31 0.00244128
8.32 0.00244443
8.33 0.0024417
8.34 0.00244585
8.35 0.00244503
8.36 0.00244535
8.37 0.0024486
8.38 0.00244606
8.39 0.00244964
8.4 0.00244926
8.41 0.00244903
8.42 0.00245246
8.43 0.00245049
8.44 0.0024526
8.45 0.00245383
8.46 0.00245262
8.47 0.00245498
8.48 0.00245586
8.49 0.00245506
8.5 0.00245712
8.51 0.00245813
8.52 0.00245747
8.53 0.00245899
8.54 0.00246036
8.55 0.00245987
8.56 0.00246093
8.57 0.00246243
8.58 0.00246225
8.59 0.00246293
8.6 0.00246444
8.61 0.00246464
8.62 0.00246503
8.63 0.00246645
8.64 0.00246676
8.65 0.00246708
8.66 0.00246844
8.67 0.00246885
8.68 0.00246922
8.69 0.00247048
8.7 0.00247084
8.71 0.00247137
8.72 0.00247245
8.73 0.00247282
8.74 0.00247337
8.75 0.00247439
8.76 0.00247479
8.77 0.00247542
8.78 0.00247636
8.79 0.00247671
8.8 0.00247741
8.81 0.00247825
8.82 0.00247858
8.83 0.00247936
8.84 0.00248011
8.85 0.00248052
8.86 0.00248134
8.87 0.00248197
8.88 0.0024824
8.89 0.0024832
8.9 0.0024838
8.91 0.00248431
8.92 0.00248509
8.93 0.00248568
8.94 0.00248617
8.95 0.00248691
8.96 0.00248751
8.97 0.00248801
8.98 0.00248873
8.99 0.00248936
9 0.00248987
9.01 0.00249052
9.02 0.00249118
9.03 0.00249166
9.04 0.00249223
9.05 0.00249291
9.06 0.00249349
9.07 0.00249404
9.08 0.00249467
9.09 0.00249528
9.1 0.00249583
9.11 0.00249642
9.12 0.00249705
9.13 0.00249761
9.14 0.00249815
9.15 0.00249868
9.16 0.00249934
9.17 0.0025
9.18 0.00250358
9.19 0.00250979
9.2 0.00252354
9.21 0.00255553
9.22 0.00258061
9.23 0.00258169
9.24 0.00258262
9.25 0.00258531
9.26 0.00258699
9.27 0.00258685
9.28 0.00258668
9.29 0.00258789
9.3 0.00258979
9.31 0.00259077
9.32 0.00259082
9.33 0.00259121
9.34 0.0025925
9.35 0.0025939
9.36 0.00259455
9.37 0.00259482
9.38 0.00259547
9.39 0.00259657
9.4 0.00259746
9.41 0.002598
9.42 0.00259842
9.43 0.00259927
9.44 0.00260024
9.45 0.00260098
9.46 0.00260154
9.47 0.0026022
9.48 0.00260311
9.49 0.00260398
9.5 0.00260459
9.51 0.0026052
9.52 0.00260593
9.53 0.0026067
9.54 0.00260741
9.55 0.00260801
9.56 0.00260866
9.57 0.00260942
9.58 0.00261017
9.59 0.00261081
9.6 0.00261141
9.61 0.00261213
9.62 0.00261286
9.63 0.0026135
9.64 0.00261412
9.65 0.00261481
9.66 0.0026155
9.67 0.00261617
9.68 0.00261679
9.69 0.0026175
9.7 0.00261818
9.71 0.00261882
9.72 0.00261946
9.73 0.00262017
9.74 0.00262089
9.75 0.00262148
9.76 0.00262215
9.77 0.00262283
9.78 0.00262345
9.79 0.0026241
9.8 0.00262475
9.81 0.00262536
9.82 0.00262598
9.83 0.0026266
9.84 0.00262725
9.85 0.00262787
9.86 0.00262848
9.87 0.00262909
9.88 0.0026297
9.89 0.00263033
9.9 0.00263093
9.91 0.00263153
9.92 0.00263216
9.93 0.00263272
9.94 0.00263336
9.95 0.00263396
9.96 0.00263458
9.97 0.0026352
9.98 0.0026358
9.99 0.00263643
10 0.00263703
