0 0.0003225
0.01 0.000323802
0.02 0.00033579
0.03 0.000394514
0.04 0.000398123
0.05 0.000401573
0.06 0.000404515
0.07 0.000407581
0.08 0.000410708
0.09 0.000413928
0.1 0.000417246
0.11 0.000420393
0.12 0.000423159
0.13 0.000425884
0.14 0.000428862
0.15 0.000432083
0.16 0.000435026
0.17 0.000437877
0.18 0.00044054
0.19 0.000443153
0.2 0.000445775
0.21 0.000448553
0.22 0.000451425
0.23 0.0004542
0.24 0.000456979
0.25 0.000459596
0.26 0.000462
0.27 0.000464394
0.28 0.000466956
0.29 0.000473935
0.3 0.000513333
0.31 0.000553656
0.32 0.00055592
0.33 0.000557978
0.34 0.000560354
0.35 0.000562965
0.36 0.000565576
0.37 0.000567915
0.38 0.000569943
0.39 0.00057186
0.4 0.000573992
0.41 0.000576482
0.42 0.00057895
0.43 0.000581207
0.44 0.000583059
0.45 0.000584896
0.46 0.000586961
0.47 0.000589403
0.48 0.000591786
0.49 0.000593777
0.5 0.000595415
0.51 0.000597203
0.52 0.000599522
0.53 0.000601895
0.54 0.000603906
0.55 0.000605489
0.56 0.000607143
0.57 0.000609135
0.58 0.000611536
0.59 0.000613661
0.6 0.000615302
0.61 0.000616826
0.62 0.000618674
0.63 0.000620983
0.64 0.000623132
0.65 0.000624654
0.66 0.000635921
0.67 0.000675225
0.68 0.00070852
0.69 0.00071066
0.7 0.00071265
0.71 0.000714352
0.72 0.000715843
0.73 0.000717395
0.74 0.000719177
0.75 0.000721228
0.76 0.000723348
0.77 0.000725406
0.78 0.000727193
0.79 0.000728698
0.8 0.000730104
0.81 0.000731642
0.82 0.00073349
0.83 0.000735556
0.84 0.000737587
0.85 0.000739289
0.86 0.000740776
0.87 0.000741993
0.88 0.000743442
0.89 0.000745226
0.9 0.000747256
0.91 0.000749182
0.92 0.00075081
0.93 0.000752085
0.94 0.000753311
0.95 0.000754822
0.96 0.000756667
0.97 0.000758637
0.98 0.00076026
0.99 0.000761369
1 0.000762568
1.01 0.000764337
1.02 0.000766251
1.03 0.000767612
1.04 0.000768677
1.05 0.000770478
1.06 0.000772272
1.07 0.000773312
1.08 0.000774653
1.09 0.000776619
1.1 0.000777986
1.11 0.000778979
1.12 0.000780719
1.13 0.000786609
1.14 0.000816336
1.15 0.000863174
1.16 0.000865115
1.17 0.000867438
1.18 0.000869429
1.19 0.000870049
1.2 0.000871406
1.21 0.000873986
1.22 0.000875136
1.23 0.000875706
1.24 0.000878124
1.25 0.000879879
1.26 0.000880256
1.27 0.00088219
1.28 0.000884496
1.29 0.00088491
1.3 0.000886216
1.31 0.000888677
1.32 0.000889493
1.33 0.000890273
1.34 0.000892779
1.35 0.000894083
1.36 0.000894513
1.37 0.00089672
1.38 0.000898425
1.39 0.000898718
1.4 0.000900507
1.41 0.000902631
1.42 0.000903033
1.43 0.000904303
1.44 0.000906595
1.45 0.000907277
1.46 0.000908059
1.47 0.000910363
1.48 0.000911522
1.49 0.000911977
1.5 0.000914004
1.51 0.000915556
1.52 0.000915892
1.53 0.000917515
1.54 0.000919439
1.55 0.000919888
1.56 0.000921122
1.57 0.00092321
1.58 0.000923906
1.59 0.000924729
1.6 0.000926764
1.61 0.000927808
1.62 0.00092838
1.63 0.000930278
1.64 0.000931699
1.65 0.000932117
1.66 0.000933655
1.67 0.000935357
1.68 0.000935871
1.69 0.000937105
1.7 0.000943268
1.71 0.000976604
1.72 0.00102035
1.73 0.00102237
1.74 0.00102369
1.75 0.00102443
1.76 0.0010258
1.77 0.00102779
1.78 0.00102951
1.79 0.00103047
1.8 0.00103116
1.81 0.00103235
1.82 0.00103414
1.83 0.00103578
1.84 0.00103669
1.85 0.00103744
1.86 0.00103872
1.87 0.00104044
1.88 0.00104182
1.89 0.00104271
1.9 0.00104356
1.91 0.00104488
1.92 0.00104648
1.93 0.0010478
1.94 0.00104865
1.95 0.00104955
1.96 0.00105085
1.97 0.00105234
1.98 0.00105358
1.99 0.00105448
2 0.00105546
2.01 0.00105676
2.02 0.00105813
2.03 0.00105927
2.04 0.0010602
2.05 0.00106124
2.06 0.00106255
2.07 0.00106383
2.08 0.0010649
2.09 0.00106582
2.1 0.00106689
2.11 0.00106813
2.12 0.00106934
2.13 0.00107036
2.14 0.00107134
2.15 0.00107247
2.16 0.00107367
2.17 0.00107472
2.18 0.00107567
2.19 0.00107678
2.2 0.00107796
2.21 0.00107898
2.22 0.00107995
2.23 0.0010811
2.24 0.00108215
2.25 0.00108308
2.26 0.00108422
2.27 0.0010853
2.28 0.00108624
2.29 0.00108733
2.3 0.00108839
2.31 0.00108932
2.32 0.00109036
2.33 0.00109145
2.34 0.00109239
2.35 0.00109343
2.36 0.00109731
2.37 0.00111644
2.38 0.00117521
2.39 0.00117587
2.4 0.00117803
2.41 0.00118024
2.42 0.00117979
2.43 0.00118113
2.44 0.00118384
2.45 0.00118344
2.46 0.00118442
2.47 0.00118711
2.48 0.00118678
2.49 0.00118777
2.5 0.00119041
2.51 0.00119015
2.52 0.00119105
2.53 0.00119359
2.54 0.0011934
2.55 0.00119428
2.56 0.00119677
2.57 0.00119666
2.58 0.00119751
2.59 0.00119994
2.6 0.00119989
2.61 0.00120069
2.62 0.00120299
2.63 0.00120304
2.64 0.00120382
2.65 0.00120606
2.66 0.00120616
2.67 0.00120689
2.68 0.00120899
2.69 0.00120915
2.7 0.00120991
2.71 0.00121197
2.72 0.00121224
2.73 0.00121292
2.74 0.00121489
2.75 0.00121521
2.76 0.00121588
2.77 0.00121779
2.78 0.00121819
2.79 0.00121887
2.8 0.00122071
2.81 0.00122114
2.82 0.00122177
2.83 0.0012235
2.84 0.00122401
2.85 0.00122467
2.86 0.00122637
2.87 0.00122693
2.88 0.00122756
2.89 0.00122915
2.9 0.00122975
2.91 0.00123037
2.92 0.00123192
2.93 0.00123258
2.94 0.00123319
2.95 0.00123461
2.96 0.00123543
2.97 0.00123597
2.98 0.0012372
2.99 0.00123833
3 0.00123884
3.01 0.00123976
3.02 0.00124106
3.03 0.00124182
3.04 0.00124235
3.05 0.00124347
3.06 0.00124467
3.07 0.00124533
3.08 0.00124596
3.09 0.00124721
3.1 0.00124822
3.11 0.00124876
3.12 0.00124956
3.13 0.00125427
3.14 0.00127352
3.15 0.00133106
3.16 0.00133301
3.17 0.00133476
3.18 0.00133554
3.19 0.00133575
3.2 0.00133644
3.21 0.00133799
3.22 0.00133973
3.23 0.00134078
3.24 0.00134115
3.25 0.00134167
3.26 0.00134283
3.27 0.00134438
3.28 0.0013456
3.29 0.00134625
3.3 0.00134682
3.31 0.00134775
3.32 0.00134902
3.33 0.00135019
3.34 0.00135098
3.35 0.00135162
3.36 0.00135254
3.37 0.00135377
3.38 0.00135485
3.39 0.00135558
3.4 0.00135626
3.41 0.00135721
3.42 0.00135839
3.43 0.00135939
3.44 0.00136014
3.45 0.00136093
3.46 0.00136191
3.47 0.00136295
3.48 0.00136382
3.49 0.00136459
3.5 0.00136546
3.51 0.00136649
3.52 0.00136746
3.53 0.00136827
3.54 0.00136904
3.55 0.0013699
3.56 0.00137088
3.57 0.00137184
3.58 0.0013727
3.59 0.00137352
3.6 0.00137438
3.61 0.00137529
3.62 0.00137615
3.63 0.001377
3.64 0.00137785
3.65 0.00137874
3.66 0.00137963
3.67 0.00138047
3.68 0.00138125
3.69 0.00138206
3.7 0.00138294
3.71 0.00138382
3.72 0.00138467
3.73 0.00138548
3.74 0.00138631
3.75 0.00138714
3.76 0.00138794
3.77 0.00138875
3.78 0.00138959
3.79 0.00139044
3.8 0.00139128
3.81 0.00139207
3.82 0.00139285
3.83 0.00139364
3.84 0.00139444
3.85 0.00139524
3.86 0.00139606
3.87 0.00139689
3.88 0.00139768
3.89 0.00139843
3.9 0.00139922
3.91 0.00139999
3.92 0.0014008
3.93 0.00140163
3.94 0.00140242
3.95 0.00140318
3.96 0.00140397
3.97 0.00140472
3.98 0.00140546
3.99 0.00140631
4 0.00141182
4.01 0.00143274
4.02 0.00148772
4.03 0.00148973
4.04 0.00149097
4.05 0.00149011
4.06 0.00149315
4.07 0.00149357
4.08 0.00149336
4.09 0.00149631
4.1 0.00149576
4.11 0.00149656
4.12 0.00149885
4.13 0.00149801
4.14 0.00149978
4.15 0.00150122
4.16 0.00150061
4.17 0.00150287
4.18 0.00150335
4.19 0.00150335
4.2 0.0015056
4.21 0.00150552
4.22 0.00150631
4.23 0.00150817
4.24 0.00150783
4.25 0.00150919
4.26 0.00151041
4.27 0.00151021
4.28 0.00151201
4.29 0.00151266
4.3 0.00151289
4.31 0.00151468
4.32 0.00151487
4.33 0.00151557
4.34 0.00151709
4.35 0.00151715
4.36 0.00151832
4.37 0.0015195
4.38 0.00151959
4.39 0.00152096
4.4 0.00152168
4.41 0.00152198
4.42 0.00152346
4.43 0.00152393
4.44 0.00152459
4.45 0.0015259
4.46 0.00152617
4.47 0.00152709
4.48 0.00152813
4.49 0.00152845
4.5 0.00152961
4.51 0.00153042
4.52 0.00153086
4.53 0.00153204
4.54 0.0015326
4.55 0.00153319
4.56 0.00153434
4.57 0.00153482
4.58 0.00153566
4.59 0.00153665
4.6 0.00153708
4.61 0.001538
4.62 0.00153879
4.63 0.0015393
4.64 0.00154034
4.65 0.00154101
4.66 0.00154164
4.67 0.00154262
4.68 0.00154316
4.69 0.00154388
4.7 0.00154477
4.71 0.00154533
4.72 0.00154619
4.73 0.00154701
4.74 0.00154756
4.75 0.00154842
4.76 0.00154909
4.77 0.00154969
4.78 0.00155061
4.79 0.00155126
4.8 0.00155197
4.81 0.0015528
4.82 0.00155337
4.83 0.00155411
4.84 0.00155486
4.85 0.00155548
4.86 0.0015563
4.87 0.00155702
4.88 0.00155765
4.89 0.00155845
4.9 0.00155907
4.91 0.00155971
4.92 0.00156052
4.93 0.00156117
4.94 0.0015619
4.95 0.00156271
4.96 0.00156742
4.97 0.00158338
4.98 0.00164374
4.99 0.00164438
5 0.00164624
5.01 0.00164818
5.02 0.00164786
5.03 0.00164819
5.04 0.00165041
5.05 0.00165141
5.06 0.00165103
5.07 0.00165183
5.08 0.00165373
5.09 0.0016545
5.1 0.00165438
5.11 0.00165527
5.12 0.00165689
5.13 0.00165745
5.14 0.00165761
5.15 0.00165865
5.16 0.00166003
5.17 0.00166059
5.18 0.00166084
5.19 0.00166189
5.2 0.00166309
5.21 0.00166356
5.22 0.00166405
5.23 0.00166522
5.24 0.00166623
5.25 0.00166657
5.26 0.0016672
5.27 0.00166832
5.28 0.00166911
5.29 0.00166957
5.3 0.00167038
5.31 0.0016714
5.32 0.00167204
5.33 0.00167252
5.34 0.00167336
5.35 0.00167428
5.36 0.0016749
5.37 0.00167554
5.38 0.00167643
5.39 0.00167723
5.4 0.0016778
5.41 0.00167846
5.42 0.00167933
5.43 0.0016801
5.44 0.00168073
5.45 0.00168148
5.46 0.00168227
5.47 0.00168292
5.48 0.00168353
5.49 0.00168429
5.5 0.0016851
5.51 0.00168578
5.52 0.00168644
5.53 0.00168718
5.54 0.00168791
5.55 0.00168854
5.56 0.0016892
5.57 0.00168996
5.58 0.0016907
5.59 0.00169137
5.6 0.00169205
5.61 0.00169276
5.62 0.00169342
5.63 0.00169405
5.64 0.00169478
5.65 0.00169552
5.66 0.00169619
5.67 0.00169684
5.68 0.00169753
5.69 0.00169818
5.7 0.00169881
5.71 0.00169953
5.72 0.00170023
5.73 0.0017009
5.74 0.00170157
5.75 0.00170224
5.76 0.00170288
5.77 0.0017035
5.78 0.0017042
5.79 0.00170488
5.8 0.00170555
5.81 0.00170623
5.82 0.00170685
5.83 0.00170749
5.84 0.00170812
5.85 0.00170878
5.86 0.00170947
5.87 0.00171013
5.88 0.00171077
5.89 0.00171142
5.9 0.00171204
5.91 0.00171265
5.92 0.00171331
5.93 0.00171396
5.94 0.00171463
5.95 0.00171527
5.96 0.0017159
5.97 0.00171652
5.98 0.00171712
5.99 0.00171775
6 0.00171841
6.01 0.00171964
6.02 0.0017287
6.03 0.00175151
6.04 0.00179916
6.05 0.0018017
6.06 0.00180224
6.07 0.00180176
6.08 0.00180355
6.09 0.00180582
6.1 0.00180406
6.11 0.00180682
6.12 0.00180723
6.13 0.00180651
6.14 0.00180954
6.15 0.00180848
6.16 0.00180969
6.17 0.0018116
6.18 0.00181035
6.19 0.00181269
6.2 0.001813
6.21 0.00181269
6.22 0.0018152
6.23 0.00181449
6.24 0.0018156
6.25 0.00181716
6.26 0.00181635
6.27 0.00181831
6.28 0.00181863
6.29 0.00181864
6.3 0.00182073
6.31 0.00182028
6.32 0.00182138
6.33 0.0018226
6.34 0.00182216
6.35 0.00182383
6.36 0.00182417
6.37 0.00182447
6.38 0.00182613
6.39 0.00182591
6.4 0.00182695
6.41 0.00182795
6.42 0.00182776
6.43 0.00182924
6.44 0.00182964
6.45 0.00183005
6.46 0.00183144
6.47 0.00183141
6.48 0.00183232
6.49 0.0018332
6.5 0.00183326
6.51 0.00183456
6.52 0.00183502
6.53 0.00183546
6.54 0.00183663
6.55 0.00183676
6.56 0.00183759
6.57 0.00183841
6.58 0.00183867
6.59 0.00183979
6.6 0.00184026
6.61 0.00184076
6.62 0.00184175
6.63 0.00184199
6.64 0.00184277
6.65 0.00184358
6.66 0.00184394
6.67 0.00184491
6.68 0.00184542
6.69 0.00184591
6.7 0.00184679
6.71 0.00184712
6.72 0.00184791
6.73 0.00184866
6.74 0.00184907
6.75 0.00184994
6.76 0.00185045
6.77 0.00185096
6.78 0.00185175
6.79 0.00185221
6.8 0.00185294
6.81 0.00185366
6.82 0.00185411
6.83 0.00185487
6.84 0.00185539
6.85 0.0018559
6.86 0.00185669
6.87 0.00185719
6.88 0.00185788
6.89 0.00185855
6.9 0.00185902
6.91 0.00185972
6.92 0.00186025
6.93 0.0018608
6.94 0.00186155
6.95 0.00186208
6.96 0.00186272
6.97 0.00186336
6.98 0.00186384
6.99 0.00186448
7 0.00186504
7.01 0.00186563
7.02 0.00186633
7.03 0.00186687
7.04 0.00186747
7.05 0.00186807
7.06 0.00186856
7.07 0.00186918
7.08 0.0018698
7.09 0.00187037
7.1 0.00187101
7.11 0.00187158
7.12 0.00187211
7.13 0.0018727
7.14 0.00187323
7.15 0.00187382
7.16 0.00187445
7.17 0.00187508
7.18 0.0018785
7.19 0.00189271
7.2 0.00195083
7.21 0.00195751
7.22 0.00195882
7.23 0.0019611
7.24 0.00196087
7.25 0.00196042
7.26 0.00196184
7.27 0.0019636
7.28 0.00196362
7.29 0.00196348
7.3 0.00196495
7.31 0.00196632
7.32 0.00196609
7.33 0.00196643
7.34 0.00196791
7.35 0.0019687
7.36 0.00196851
7.37 0.00196937
7.38 0.00197075
7.39 0.0019711
7.4 0.00197127
7.41 0.00197233
7.42 0.00197329
7.43 0.00197344
7.44 0.00197399
7.45 0.00197511
7.46 0.00197581
7.47 0.00197609
7.48 0.00197677
7.49 0.0019777
7.5 0.00197822
7.51 0.00197864
7.52 0.00197944
7.53 0.00198031
7.54 0.00198081
7.55 0.00198125
7.56 0.00198198
7.57 0.00198273
7.58 0.00198331
7.59 0.00198386
7.6 0.00198462
7.61 0.00198533
7.62 0.00198582
7.63 0.00198634
7.64 0.00198701
7.65 0.00198769
7.66 0.00198824
7.67 0.00198888
7.68 0.0019896
7.69 0.00199021
7.7 0.0019907
7.71 0.00199127
7.72 0.00199198
7.73 0.00199262
7.74 0.00199319
7.75 0.00199381
7.76 0.00199445
7.77 0.00199502
7.78 0.00199554
7.79 0.00199615
7.8 0.00199682
7.81 0.00199743
7.82 0.001998
7.83 0.00199861
7.84 0.00199922
7.85 0.00199975
7.86 0.00200031
7.87 0.00200096
7.88 0.00200165
7.89 0.00200225
7.9 0.0020028
7.91 0.0020034
7.92 0.00200398
7.93 0.00200451
7.94 0.00200511
7.95 0.00200575
7.96 0.00200634
7.97 0.00200689
7.98 0.00200745
7.99 0.00200801
8 0.00200854
8.01 0.00200913
8.02 0.00200974
8.03 0.00201034
8.04 0.00201092
8.05 0.00201146
8.06 0.00201198
8.07 0.00201252
8.08 0.0020131
8.09 0.00201371
8.1 0.00201429
8.11 0.00201484
8.12 0.00201538
8.13 0.00201592
8.14 0.00201645
8.15 0.00201701
8.16 0.00201759
8.17 0.00201817
8.18 0.00201873
8.19 0.00201927
8.2 0.0020198
8.21 0.0020203
8.22 0.00202085
8.23 0.00202144
8.24 0.00202203
8.25 0.00202257
8.26 0.00202312
8.27 0.00202362
8.28 0.00202414
8.29 0.00202468
8.3 0.00202525
8.31 0.00202582
8.32 0.00202635
8.33 0.0020269
8.34 0.00202743
8.35 0.00202792
8.36 0.00202844
8.37 0.002029
8.38 0.00202956
8.39 0.00203012
8.4 0.00203065
8.41 0.00203115
8.42 0.0020332
8.43 0.00204186
8.44 0.0020596
8.45 0.00211262
8.46 0.00211524
8.47 0.00211582
8.48 0.00211356
8.49 0.00211691
8.5 0.00211738
8.51 0.00211604
8.52 0.00211999
8.53 0.00211773
8.54 0.00211964
8.55 0.00212115
8.56 0.00211941
8.57 0.00212287
8.58 0.00212169
8.59 0.00212248
8.6 0.00212461
8.61 0.00212286
8.62 0.00212552
8.63 0.00212526
8.64 0.00212533
8.65 0.00212769
8.66 0.00212632
8.67 0.00212825
8.68 0.0021287
8.69 0.00212825
8.7 0.00213054
8.71 0.0021297
8.72 0.00213094
8.73 0.00213197
8.74 0.00213138
8.75 0.00213334
8.76 0.002133
8.77 0.00213364
8.78 0.00213501
8.79 0.00213448
8.8 0.0021361
8.81 0.00213627
8.82 0.0021365
8.83 0.00213791
8.84 0.00213751
8.85 0.00213879
8.86 0.00213935
8.87 0.00213942
8.88 0.0021408
8.89 0.00214065
8.9 0.00214151
8.91 0.00214227
8.92 0.00214229
8.93 0.00214356
8.94 0.00214371
8.95 0.00214432
8.96 0.00214525
8.97 0.00214522
8.98 0.00214624
8.99 0.00214663
9 0.00214707
9.01 0.00214809
9.02 0.00214819
9.03 0.002149
9.04 0.00214955
9.05 0.00214981
9.06 0.0021508
9.07 0.00215107
9.08 0.00215174
9.09 0.00215244
9.1 0.00215269
9.11 0.00215354
9.12 0.00215387
9.13 0.00215439
9.14 0.00215518
9.15 0.00215549
9.16 0.00215626
9.17 0.00215674
9.18 0.00215714
9.19 0.00215787
9.2 0.00215821
9.21 0.0021589
9.22 0.0021595
9.23 0.00215989
9.24 0.0021606
9.25 0.002161
9.26 0.00216153
9.27 0.00216214
9.28 0.00216255
9.29 0.00216324
9.3 0.00216373
9.31 0.00216423
9.32 0.00216486
9.33 0.00216522
9.34 0.00216581
9.35 0.00216637
9.36 0.00216686
9.37 0.00216751
9.38 0.00216794
9.39 0.00216847
9.4 0.002169
9.41 0.00216942
9.42 0.00217007
9.43 0.00217056
9.44 0.00217108
9.45 0.00217165
9.46 0.00217209
9.47 0.00217264
9.48 0.0021731
9.49 0.00217361
9.5 0.00217421
9.51 0.00217469
9.52 0.00217525
9.53 0.00217574
9.54 0.00217618
9.55 0.00217671
9.56 0.0021772
9.57 0.00217776
9.58 0.0021783
9.59 0.00217876
9.6 0.00217929
9.61 0.00217976
9.62 0.00218023
9.63 0.00218077
9.64 0.00218126
9.65 0.0021818
9.66 0.00218231
9.67 0.0021828
9.68 0.00218329
9.69 0.00218372
9.7 0.00218423
9.71 0.00218477
9.72 0.00218528
9.73 0.0021858
9.74 0.00218626
9.75 0.00218673
9.76 0.00218721
9.77 0.00218805
9.78 0.00219791
9.79 0.00222926
9.8 0.00226845
9.81 0.00227038
9.82 0.00227142
9.83 0.0022705
9.84 0.00227312
9.85 0.00227503
9.86 0.00227394
9.87 0.00227407
9.88 0.00227633
9.89 0.00227713
9.9 0.00227638
9.91 0.00227705
9.92 0.00227882
9.93 0.00227923
9.94 0.00227892
9.95 0.00227979
9.96 0.00228113
9.97 0.00228138
9.98 0.0022813
9.99 0.00228223
10 0.00228334
