0 0.0003225
0.01 0.000327596
0.02 0.000332717
0.03 0.000337839
0.04 0.000342961
0.05 0.000348083
0.06 0.000353235
0.07 0.000358425
0.08 0.000363616
0.09 0.000368806
0.1 0.000373997
0.11 0.000379189
0.12 0.000384381
0.13 0.000389573
0.14 0.000393904
0.15 0.000398114
0.16 0.000402324
0.17 0.000406535
0.18 0.000410745
0.19 0.000414956
0.2 0.000419167
0.21 0.000423378
0.22 0.00042759
0.23 0.000431833
0.24 0.000436091
0.25 0.000440349
0.26 0.000444607
0.27 0.000448865
0.28 0.000453123
0.29 0.000457382
0.3 0.000461641
0.31 0.000465899
0.32 0.00046984
0.33 0.000473403
0.34 0.000476978
0.35 0.000480554
0.36 0.000484129
0.37 0.000487704
0.38 0.000491279
0.39 0.000494855
0.4 0.000498431
0.41 0.000502006
0.42 0.000505582
0.43 0.00050918
0.44 0.00051279
0.45 0.000516399
0.46 0.000520008
0.47 0.000523618
0.48 0.000527227
0.49 0.000530837
0.5 0.000534447
0.51 0.000538056
0.52 0.000541666
0.53 0.000545276
0.54 0.000548489
0.55 0.00055159
0.56 0.000554696
0.57 0.000557803
0.58 0.000560909
0.59 0.000564016
0.6 0.000567122
0.61 0.000570229
0.62 0.000573336
0.63 0.000576443
0.64 0.000579549
0.65 0.000582656
0.66 0.000585763
0.67 0.000588904
0.68 0.000592036
0.69 0.000595169
0.7 0.000598301
0.71 0.000601433
0.72 0.000604565
0.73 0.000607698
0.74 0.00061083
0.75 0.000613963
0.76 0.000617095
0.77 0.000620228
0.78 0.000623361
0.79 0.000626191
0.8 0.000628919
0.81 0.000631666
0.82 0.000634412
0.83 0.000637158
0.84 0.000639905
0.85 0.000642652
0.86 0.000645398
0.87 0.000648145
0.88 0.000650891
0.89 0.000653638
0.9 0.000656385
0.91 0.000659132
0.92 0.000661879
0.93 0.000664637
0.94 0.000667406
0.95 0.000670173
0.96 0.000672939
0.97 0.000675706
0.98 0.000678473
0.99 0.000681239
1 0.000684006
1.01 0.000686772
1.02 0.000689539
1.03 0.000692306
1.04 0.000695073
1.05 0.000697839
1.06 0.000700606
1.07 0.000703311
1.08 0.000705661
1.09 0.000708119
1.1 0.000710581
1.11 0.000713042
1.12 0.000715503
1.13 0.000717965
1.14 0.000720426
1.15 0.000722887
1.16 0.000725349
1.17 0.00072781
1.18 0.000730272
1.19 0.000732733
1.2 0.000735195
1.21 0.000737656
1.22 0.000740118
1.23 0.000742588
1.24 0.000745069
1.25 0.000747547
1.26 0.000750024
1.27 0.000752501
1.28 0.000754979
1.29 0.000757456
1.3 0.000759933
1.31 0.000762411
1.32 0.000764888
1.33 0.000767365
1.34 0.000769843
1.35 0.00077232
1.36 0.000774798
1.37 0.000777275
1.38 0.000779752
1.39 0.000782022
1.4 0.000784206
1.41 0.000786434
1.42 0.000788663
1.43 0.000790893
1.44 0.000793123
1.45 0.000795352
1.46 0.000797582
1.47 0.000799812
1.48 0.000802042
1.49 0.000804271
1.5 0.000806501
1.51 0.000808731
1.52 0.000810961
1.53 0.000813191
1.54 0.000815421
1.55 0.00081765
1.56 0.00081988
1.57 0.000822131
1.58 0.000824374
1.59 0.000826617
1.6 0.00082886
1.61 0.000831103
1.62 0.000833345
1.63 0.000835588
1.64 0.000837831
1.65 0.000840074
1.66 0.000842317
1.67 0.000844559
1.68 0.000846802
1.69 0.000849045
1.7 0.000851288
1.71 0.000853531
1.72 0.000855774
1.73 0.000858017
1.74 0.000860071
1.75 0.000862056
1.76 0.000864089
1.77 0.000866126
1.78 0.000868164
1.79 0.000870202
1.8 0.00087224
1.81 0.000874278
1.82 0.000876316
1.83 0.000878354
1.84 0.000880393
1.85 0.000882431
1.86 0.000884469
1.87 0.000886507
1.88 0.000888545
1.89 0.000890583
1.9 0.000892621
1.91 0.000894659
1.92 0.000896697
1.93 0.000898742
1.94 0.000900796
1.95 0.000902845
1.96 0.000904894
1.97 0.000906943
1.98 0.000908992
1.99 0.00091104
2 0.000913089
2.01 0.000915138
2.02 0.000917187
2.03 0.000919236
2.04 0.000921284
2.05 0.000923333
2.06 0.000925382
2.07 0.000927431
2.08 0.00092948
2.09 0.000931529
2.1 0.000933578
2.11 0.000935627
2.12 0.000937632
2.13 0.000939381
2.14 0.000941243
2.15 0.000943118
2.16 0.000944995
2.17 0.000946871
2.18 0.000948748
2.19 0.000950624
2.2 0.000952501
2.21 0.000954378
2.22 0.000956254
2.23 0.000958131
2.24 0.000960008
2.25 0.000961884
2.26 0.000963761
2.27 0.000965638
2.28 0.000967514
2.29 0.000969391
2.3 0.000971268
2.31 0.000973144
2.32 0.000975021
2.33 0.000976905
2.34 0.000978796
2.35 0.000980682
2.36 0.000982568
2.37 0.000984454
2.38 0.00098634
2.39 0.000988225
2.4 0.000990111
2.41 0.000991997
2.42 0.000993883
2.43 0.000995768
2.44 0.000997654
2.45 0.00099954
2.46 0.00100143
2.47 0.00100331
2.48 0.0010052
2.49 0.00100708
2.5 0.00100897
2.51 0.00101085
2.52 0.00101274
2.53 0.00101463
2.54 0.00101633
2.55 0.00101802
2.56 0.00101974
2.57 0.00102148
2.58 0.00102322
2.59 0.00102496
2.6 0.0010267
2.61 0.00102844
2.62 0.00103018
2.63 0.00103192
2.64 0.00103365
2.65 0.00103539
2.66 0.00103713
2.67 0.00103887
2.68 0.00104061
2.69 0.00104235
2.7 0.00104409
2.71 0.00104583
2.72 0.00104757
2.73 0.00104931
2.74 0.00105104
2.75 0.00105278
2.76 0.00105452
2.77 0.00105628
2.78 0.00105803
2.79 0.00105977
2.8 0.00106152
2.81 0.00106327
2.82 0.00106501
2.83 0.00106676
2.84 0.00106851
2.85 0.00107025
2.86 0.001072
2.87 0.00107375
2.88 0.00107549
2.89 0.00107724
2.9 0.00107899
2.91 0.00108073
2.92 0.00108248
2.93 0.00108423
2.94 0.00108597
2.95 0.00108772
2.96 0.00108947
2.97 0.00109121
2.98 0.00109296
2.99 0.00109452
3 0.00109609
3.01 0.0010977
3.02 0.00109932
3.03 0.00110094
3.04 0.00110256
3.05 0.00110418
3.06 0.0011058
3.07 0.00110742
3.08 0.00110904
3.09 0.00111066
3.1 0.00111228
3.11 0.0011139
3.12 0.00111552
3.13 0.00111714
3.14 0.00111876
3.15 0.00112038
3.16 0.001122
3.17 0.00112362
3.18 0.00112524
3.19 0.00112686
3.2 0.00112848
3.21 0.0011301
3.22 0.00113172
3.23 0.00113335
3.24 0.00113498
3.25 0.0011366
3.26 0.00113823
3.27 0.00113986
3.28 0.00114148
3.29 0.00114311
3.3 0.00114474
3.31 0.00114636
3.32 0.00114799
3.33 0.00114962
3.34 0.00115125
3.35 0.00115287
3.36 0.0011545
3.37 0.00115613
3.38 0.00115775
3.39 0.00115938
3.4 0.00116101
3.41 0.00116263
3.42 0.00116426
3.43 0.00116589
3.44 0.00116751
3.45 0.00116914
3.46 0.00117077
3.47 0.00117228
3.48 0.00117371
3.49 0.00117521
3.5 0.00117672
3.51 0.00117824
3.52 0.00117975
3.53 0.00118127
3.54 0.00118279
3.55 0.0011843
3.56 0.00118582
3.57 0.00118733
3.58 0.00118885
3.59 0.00119037
3.6 0.00119188
3.61 0.0011934
3.62 0.00119492
3.63 0.00119643
3.64 0.00119795
3.65 0.00119946
3.66 0.00120098
3.67 0.0012025
3.68 0.00120401
3.69 0.00120553
3.7 0.00120705
3.71 0.00120856
3.72 0.00121008
3.73 0.00121161
3.74 0.00121313
3.75 0.00121465
3.76 0.00121618
3.77 0.0012177
3.78 0.00121922
3.79 0.00122074
3.8 0.00122227
3.81 0.00122379
3.82 0.00122531
3.83 0.00122683
3.84 0.00122835
3.85 0.00122988
3.86 0.0012314
3.87 0.00123292
3.88 0.00123444
3.89 0.00123597
3.9 0.00123749
3.91 0.00123901
3.92 0.00124053
3.93 0.00124206
3.94 0.00124358
3.95 0.0012451
3.96 0.00124662
3.97 0.00124815
3.98 0.00124967
3.99 0.00125099
4 0.00125237
4.01 0.00125378
4.02 0.0012552
4.03 0.00125663
4.04 0.00125805
4.05 0.00125948
4.06 0.0012609
4.07 0.00126233
4.08 0.00126375
4.09 0.00126518
4.1 0.0012666
4.11 0.00126803
4.12 0.00126945
4.13 0.00127088
4.14 0.0012723
4.15 0.00127373
4.16 0.00127515
4.17 0.00127658
4.18 0.001278
4.19 0.00127943
4.2 0.00128085
4.21 0.00128228
4.22 0.0012837
4.23 0.00128513
4.24 0.00128655
4.25 0.00128798
4.26 0.00128941
4.27 0.00129085
4.28 0.00129228
4.29 0.00129371
4.3 0.00129514
4.31 0.00129657
4.32 0.001298
4.33 0.00129943
4.34 0.00130086
4.35 0.00130229
4.36 0.00130372
4.37 0.00130515
4.38 0.00130658
4.39 0.00130801
4.4 0.00130944
4.41 0.00131087
4.42 0.0013123
4.43 0.00131374
4.44 0.00131517
4.45 0.0013166
4.46 0.00131803
4.47 0.00131946
4.48 0.00132089
4.49 0.00132232
4.5 0.00132375
4.51 0.00132518
4.52 0.00132661
4.53 0.00132804
4.54 0.00132925
4.55 0.00133056
4.56 0.00133189
4.57 0.00133323
4.58 0.00133457
4.59 0.00133592
4.6 0.00133726
4.61 0.00133861
4.62 0.00133995
4.63 0.00134129
4.64 0.00134264
4.65 0.00134398
4.66 0.00134533
4.67 0.00134667
4.68 0.00134802
4.69 0.00134936
4.7 0.00135071
4.71 0.00135205
4.72 0.00135339
4.73 0.00135474
4.74 0.00135608
4.75 0.00135743
4.76 0.00135877
4.77 0.00136012
4.78 0.00136146
4.79 0.00136281
4.8 0.00136415
4.81 0.00136549
4.82 0.00136684
4.83 0.00136819
4.84 0.00136955
4.85 0.0013709
4.86 0.00137224
4.87 0.00137359
4.88 0.00137494
4.89 0.00137629
4.9 0.00137764
4.91 0.00137899
4.92 0.00138034
4.93 0.00138169
4.94 0.00138304
4.95 0.00138439
4.96 0.00138573
4.97 0.00138708
4.98 0.00138843
4.99 0.00138978
5 0.00139113
5.01 0.00139248
5.02 0.00139383
5.03 0.00139518
5.04 0.00139653
5.05 0.00139788
5.06 0.00139922
5.07 0.00140057
5.08 0.00140192
5.09 0.00140327
5.1 0.00140462
5.11 0.00140597
5.12 0.00140713
5.13 0.00140836
5.14 0.00140961
5.15 0.00141088
5.16 0.00141215
5.17 0.00141342
5.18 0.00141469
5.19 0.00141597
5.2 0.00141724
5.21 0.00141851
5.22 0.00141978
5.23 0.00142105
5.24 0.00142233
5.25 0.0014236
5.26 0.00142487
5.27 0.00142614
5.28 0.00142742
5.29 0.00142869
5.3 0.00142996
5.31 0.00143123
5.32 0.0014325
5.33 0.00143378
5.34 0.00143505
5.35 0.00143632
5.36 0.00143759
5.37 0.00143887
5.38 0.00144014
5.39 0.00144141
5.4 0.00144268
5.41 0.00144395
5.42 0.00144523
5.43 0.00144651
5.44 0.00144779
5.45 0.00144907
5.46 0.00145034
5.47 0.00145162
5.48 0.0014529
5.49 0.00145417
5.5 0.00145545
5.51 0.00145672
5.52 0.001458
5.53 0.00145928
5.54 0.00146055
5.55 0.00146183
5.56 0.00146311
5.57 0.00146438
5.58 0.00146566
5.59 0.00146693
5.6 0.00146821
5.61 0.00146949
5.62 0.00147076
5.63 0.00147204
5.64 0.00147332
5.65 0.00147459
5.66 0.00147587
5.67 0.00147715
5.68 0.00147842
5.69 0.0014797
5.7 0.00148097
5.71 0.00148225
5.72 0.00148353
5.73 0.00148471
5.74 0.00148584
5.75 0.00148702
5.76 0.00148821
5.77 0.00148941
5.78 0.00149062
5.79 0.00149183
5.8 0.00149303
5.81 0.00149424
5.82 0.00149545
5.83 0.00149666
5.84 0.00149786
5.85 0.00149907
5.86 0.00150028
5.87 0.00150149
5.88 0.00150269
5.89 0.0015039
5.9 0.00150511
5.91 0.00150631
5.92 0.00150752
5.93 0.00150873
5.94 0.00150994
5.95 0.00151114
5.96 0.00151235
5.97 0.00151356
5.98 0.00151477
5.99 0.00151597
6 0.00151718
6.01 0.00151839
6.02 0.0015196
6.03 0.0015208
6.04 0.00152201
6.05 0.00152322
6.06 0.00152444
6.07 0.00152565
6.08 0.00152686
6.09 0.00152807
6.1 0.00152928
6.11 0.0015305
6.12 0.00153171
6.13 0.00153292
6.14 0.00153413
6.15 0.00153534
6.16 0.00153655
6.17 0.00153776
6.18 0.00153897
6.19 0.00154018
6.2 0.0015414
6.21 0.00154261
6.22 0.00154382
6.23 0.00154503
6.24 0.00154624
6.25 0.00154745
6.26 0.00154866
6.27 0.00154987
6.28 0.00155108
6.29 0.00155229
6.3 0.00155351
6.31 0.00155472
6.32 0.00155593
6.33 0.00155714
6.34 0.00155835
6.35 0.00155956
6.36 0.00156077
6.37 0.00156198
6.38 0.00156306
6.39 0.00156415
6.4 0.00156527
6.41 0.00156641
6.42 0.00156756
6.43 0.0015687
6.44 0.00156985
6.45 0.001571
6.46 0.00157215
6.47 0.0015733
6.48 0.00157444
6.49 0.00157559
6.5 0.00157674
6.51 0.00157789
6.52 0.00157904
6.53 0.00158019
6.54 0.00158134
6.55 0.00158249
6.56 0.00158364
6.57 0.00158478
6.58 0.00158593
6.59 0.00158708
6.6 0.00158823
6.61 0.00158938
6.62 0.00159053
6.63 0.00159168
6.64 0.00159283
6.65 0.00159398
6.66 0.00159512
6.67 0.00159627
6.68 0.00159742
6.69 0.00159857
6.7 0.00159972
6.71 0.00160087
6.72 0.00160202
6.73 0.00160318
6.74 0.00160433
6.75 0.00160549
6.76 0.00160664
6.77 0.00160779
6.78 0.00160894
6.79 0.0016101
6.8 0.00161125
6.81 0.0016124
6.82 0.00161355
6.83 0.0016147
6.84 0.00161586
6.85 0.00161701
6.86 0.00161816
6.87 0.00161931
6.88 0.00162047
6.89 0.00162162
6.9 0.00162277
6.91 0.00162392
6.92 0.00162507
6.93 0.00162623
6.94 0.00162738
6.95 0.00162853
6.96 0.00162968
6.97 0.00163084
6.98 0.00163199
6.99 0.00163314
7 0.00163429
7.01 0.00163544
7.02 0.0016366
7.03 0.00163775
7.04 0.0016389
7.05 0.00164005
7.06 0.00164109
7.07 0.00164212
7.08 0.00164319
7.09 0.00164427
7.1 0.00164536
7.11 0.00164646
7.12 0.00164755
7.13 0.00164864
7.14 0.00164974
7.15 0.00165084
7.16 0.00165193
7.17 0.00165303
7.18 0.00165412
7.19 0.00165522
7.2 0.00165631
7.21 0.00165741
7.22 0.00165851
7.23 0.0016596
7.24 0.0016607
7.25 0.00166179
7.26 0.00166289
7.27 0.00166398
7.28 0.00166508
7.29 0.00166618
7.3 0.00166727
7.31 0.00166837
7.32 0.00166946
7.33 0.00167056
7.34 0.00167166
7.35 0.00167275
7.36 0.00167385
7.37 0.00167494
7.38 0.00167604
7.39 0.00167713
7.4 0.00167823
7.41 0.00167933
7.42 0.00168043
7.43 0.00168153
7.44 0.00168263
7.45 0.00168373
7.46 0.00168483
7.47 0.00168593
7.48 0.00168703
7.49 0.00168813
7.5 0.00168922
7.51 0.00169032
7.52 0.00169142
7.53 0.00169252
7.54 0.00169362
7.55 0.00169472
7.56 0.00169582
7.57 0.00169692
7.58 0.00169801
7.59 0.00169911
7.6 0.00170021
7.61 0.00170131
7.62 0.00170241
7.63 0.00170351
7.64 0.00170461
7.65 0.00170571
7.66 0.0017068
7.67 0.0017079
7.68 0.001709
7.69 0.0017101
7.7 0.0017112
7.71 0.0017123
7.72 0.0017134
7.73 0.00171449
7.74 0.00171559
7.75 0.00171669
7.76 0.00171779
7.77 0.00171885
7.78 0.0017198
7.79 0.00172081
7.8 0.00172184
7.81 0.00172288
7.82 0.00172392
7.83 0.00172496
7.84 0.00172601
7.85 0.00172706
7.86 0.0017281
7.87 0.00172915
7.88 0.0017302
7.89 0.00173125
7.9 0.00173229
7.91 0.00173334
7.92 0.00173439
7.93 0.00173543
7.94 0.00173648
7.95 0.00173753
7.96 0.00173858
7.97 0.00173962
7.98 0.00174067
7.99 0.00174172
8 0.00174277
8.01 0.00174381
8.02 0.00174486
8.03 0.00174591
8.04 0.00174696
8.05 0.001748
8.06 0.00174905
8.07 0.0017501
8.08 0.00175114
8.09 0.00175219
8.1 0.00175324
8.11 0.00175429
8.12 0.00175533
8.13 0.00175638
8.14 0.00175743
8.15 0.00175848
8.16 0.00175954
8.17 0.00176059
8.18 0.00176164
8.19 0.00176269
8.2 0.00176374
8.21 0.00176479
8.22 0.00176584
8.23 0.00176689
8.24 0.00176794
8.25 0.00176899
8.26 0.00177004
8.27 0.00177109
8.28 0.00177214
8.29 0.00177319
8.3 0.00177424
8.31 0.00177529
8.32 0.00177634
8.33 0.00177739
8.34 0.00177844
8.35 0.00177949
8.36 0.00178054
8.37 0.00178159
8.38 0.00178264
8.39 0.00178369
8.4 0.00178474
8.41 0.00178579
8.42 0.00178684
8.43 0.00178789
8.44 0.00178894
8.45 0.00178999
8.46 0.00179104
8.47 0.00179209
8.48 0.00179314
8.49 0.00179419
8.5 0.00179524
8.51 0.00179629
8.52 0.00179724
8.53 0.00179818
8.54 0.00179915
8.55 0.00180014
8.56 0.00180113
8.57 0.00180213
8.58 0.00180313
8.59 0.00180413
8.6 0.00180514
8.61 0.00180614
8.62 0.00180714
8.63 0.00180814
8.64 0.00180915
8.65 0.00181015
8.66 0.00181115
8.67 0.00181216
8.68 0.00181316
8.69 0.00181416
8.7 0.00181517
8.71 0.00181617
8.72 0.00181717
8.73 0.00181817
8.74 0.00181918
8.75 0.00182018
8.76 0.00182118
8.77 0.00182219
8.78 0.00182319
8.79 0.00182419
8.8 0.0018252
8.81 0.0018262
8.82 0.0018272
8.83 0.0018282
8.84 0.00182921
8.85 0.00183021
8.86 0.00183121
8.87 0.00183222
8.88 0.00183322
8.89 0.00183422
8.9 0.00183523
8.91 0.00183623
8.92 0.00183724
8.93 0.00183825
8.94 0.00183926
8.95 0.00184026
8.96 0.00184127
8.97 0.00184228
8.98 0.00184328
8.99 0.00184429
9 0.00184529
9.01 0.0018463
9.02 0.0018473
9.03 0.00184831
9.04 0.00184931
9.05 0.00185032
9.06 0.00185132
9.07 0.00185233
9.08 0.00185334
9.09 0.00185434
9.1 0.00185535
9.11 0.00185635
9.12 0.00185736
9.13 0.00185836
9.14 0.00185937
9.15 0.00186037
9.16 0.00186138
9.17 0.00186238
9.18 0.00186339
9.19 0.0018644
9.2 0.0018654
9.21 0.00186641
9.22 0.00186741
9.23 0.00186842
9.24 0.00186942
9.25 0.00187043
9.26 0.00187143
9.27 0.00187244
9.28 0.00187344
9.29 0.00187445
9.3 0.00187536
9.31 0.00187626
9.32 0.00187719
9.33 0.00187814
9.34 0.00187909
9.35 0.00188005
9.36 0.001881
9.37 0.00188197
9.38 0.00188293
9.39 0.00188389
9.4 0.00188485
9.41 0.00188581
9.42 0.00188677
9.43 0.00188774
9.44 0.0018887
9.45 0.00188966
9.46 0.00189062
9.47 0.00189159
9.48 0.00189255
9.49 0.00189351
9.5 0.00189447
9.51 0.00189544
9.52 0.0018964
9.53 0.00189736
9.54 0.00189832
9.55 0.00189928
9.56 0.00190025
9.57 0.00190121
9.58 0.00190217
9.59 0.00190313
9.6 0.0019041
9.61 0.00190506
9.62 0.00190602
9.63 0.00190698
9.64 0.00190795
9.65 0.00190891
9.66 0.00190987
9.67 0.00191083
9.68 0.00191179
9.69 0.00191276
9.7 0.00191372
9.71 0.00191469
9.72 0.00191566
9.73 0.00191662
9.74 0.00191759
9.75 0.00191855
9.76 0.00191952
9.77 0.00192048
9.78 0.00192145
9.79 0.00192241
9.8 0.00192338
9.81 0.00192434
9.82 0.00192531
9.83 0.00192627
9.84 0.00192723
9.85 0.0019282
9.86 0.00192916
9.87 0.00193013
9.88 0.00193109
9.89 0.00193206
9.9 0.00193302
9.91 0.00193399
9.92 0.00193495
9.93 0.00193592
9.94 0.00193688
9.95 0.00193784
9.96 0.00193881
9.97 0.00193977
9.98 0.00194074
9.99 0.0019417
10 0.00194267
