0 0.0003225
0.01 0.000325852
0.02 0.000329438
0.03 0.000333145
0.04 0.000336976
0.05 0.000340858
0.06 0.000344681
0.07 0.000348518
0.08 0.0003525
0.09 0.000356696
0.1 0.000360996
0.11 0.000365248
0.12 0.000369542
0.13 0.000374013
0.14 0.000378717
0.15 0.000383462
0.16 0.000388378
0.17 0.000393422
0.18 0.000398387
0.19 0.000403238
0.2 0.000407859
0.21 0.000412353
0.22 0.000416747
0.23 0.000421024
0.24 0.000425332
0.25 0.000429409
0.26 0.000433317
0.27 0.00043727
0.28 0.000441242
0.29 0.000445086
0.3 0.000448718
0.31 0.000452283
0.32 0.000455948
0.33 0.000459609
0.34 0.000463072
0.35 0.000466393
0.36 0.000469272
0.37 0.000471656
0.38 0.000474455
0.39 0.00047697
0.4 0.000478952
0.41 0.000481382
0.42 0.000484531
0.43 0.000487245
0.44 0.000489379
0.45 0.000492093
0.46 0.000495407
0.47 0.000498192
0.48 0.0005005
0.49 0.000503265
0.5 0.000506479
0.51 0.000509877
0.52 0.000512829
0.53 0.000515459
0.54 0.00051832
0.55 0.000521585
0.56 0.000525072
0.57 0.000528659
0.58 0.000531917
0.59 0.000535021
0.6 0.000538334
0.61 0.00054183
0.62 0.000545578
0.63 0.000549515
0.64 0.00055341
0.65 0.000557065
0.66 0.000560338
0.67 0.000563429
0.68 0.000566625
0.69 0.000569902
0.7 0.000573424
0.71 0.000576788
0.72 0.000579627
0.73 0.00058228
0.74 0.000585258
0.75 0.000588353
0.76 0.000591631
0.77 0.000594621
0.78 0.000597156
0.79 0.000599519
0.8 0.000602202
0.81 0.000605236
0.82 0.000608168
0.83 0.000610822
0.84 0.000613049
0.85 0.000615302
0.86 0.000618099
0.87 0.000621
0.88 0.000623514
0.89 0.000625564
0.9 0.000627197
0.91 0.000628783
0.92 0.000630594
0.93 0.00063266
0.94 0.00063502
0.95 0.000637337
0.96 0.000639274
0.97 0.000640958
0.98 0.00064281
0.99 0.000645108
1 0.000647629
1.01 0.000649817
1.02 0.00065146
1.03 0.00065345
1.04 0.000656114
1.05 0.000658678
1.06 0.00066055
1.07 0.000662389
1.08 0.000664916
1.09 0.000667703
1.1 0.000670341
1.11 0.000672701
1.12 0.00067491
1.13 0.000677074
1.14 0.000679345
1.15 0.000681953
1.16 0.000684736
1.17 0.000687479
1.18 0.000690547
1.19 0.000693536
1.2 0.000696222
1.21 0.000698979
1.22 0.000701894
1.23 0.000704839
1.24 0.000707612
1.25 0.000710174
1.26 0.000712942
1.27 0.000715459
1.28 0.000717947
1.29 0.000720615
1.3 0.000723116
1.31 0.000725627
1.32 0.000728283
1.33 0.000731041
1.34 0.000733578
1.35 0.000736184
1.36 0.000738612
1.37 0.000741041
1.38 0.000743307
1.39 0.000745585
1.4 0.000747634
1.41 0.000749722
1.42 0.000751605
1.43 0.000753716
1.44 0.000756144
1.45 0.000758679
1.46 0.000760942
1.47 0.00076271
1.48 0.000764336
1.49 0.000766583
1.5 0.000769107
1.51 0.000770866
1.52 0.000772353
1.53 0.000774779
1.54 0.000777111
1.55 0.000778469
1.56 0.000780235
1.57 0.000781564
1.58 0.000783693
1.59 0.000785635
1.6 0.000786291
1.61 0.000787893
1.62 0.00079055
1.63 0.000791818
1.64 0.00079253
1.65 0.00079513
1.66 0.000797101
1.67 0.000797717
1.68 0.000799834
1.69 0.000802331
1.7 0.000803163
1.71 0.000804513
1.72 0.000807285
1.73 0.000808847
1.74 0.000809699
1.75 0.000812416
1.76 0.000814641
1.77 0.00081564
1.78 0.000817265
1.79 0.000820121
1.8 0.000821962
1.81 0.000822953
1.82 0.000825204
1.83 0.000828098
1.84 0.000829393
1.85 0.000830844
1.86 0.000833746
1.87 0.000835996
1.88 0.0008371
1.89 0.000839195
1.9 0.000842313
1.91 0.000844371
1.92 0.000845827
1.93 0.00084788
1.94 0.000850829
1.95 0.000853567
1.96 0.000855167
1.97 0.000857102
1.98 0.000860262
1.99 0.000863046
2 0.000864622
2.01 0.000866505
2.02 0.000869224
2.03 0.000872217
2.04 0.000874057
2.05 0.000875529
2.06 0.000877675
2.07 0.000880549
2.08 0.000882946
2.09 0.000884406
2.1 0.000885837
2.11 0.000888362
2.12 0.000891068
2.13 0.000892581
2.14 0.000893861
2.15 0.000895871
2.16 0.00089849
2.17 0.000900477
2.18 0.000901469
2.19 0.00090327
2.2 0.000906018
2.21 0.000907708
2.22 0.000908581
2.23 0.000910631
2.24 0.000913275
2.25 0.000914578
2.26 0.000915514
2.27 0.000917682
2.28 0.000920189
2.29 0.000921166
2.3 0.000922286
2.31 0.000924672
2.32 0.000926883
2.33 0.000927603
2.34 0.000929093
2.35 0.000931669
2.36 0.000933066
2.37 0.000933714
2.38 0.000935746
2.39 0.000938052
2.4 0.000939343
2.41 0.00093991
2.42 0.000940915
2.43 0.000942848
2.44 0.000944813
2.45 0.000945719
2.46 0.000946552
2.47 0.000948358
2.48 0.000950316
2.49 0.000951271
2.5 0.000952305
2.51 0.000954348
2.52 0.000955963
2.53 0.000956769
2.54 0.000958508
2.55 0.000960482
2.56 0.000961283
2.57 0.000962888
2.58 0.000965023
2.59 0.000965937
2.6 0.000967361
2.61 0.000969593
2.62 0.000970696
2.63 0.000971946
2.64 0.00097427
2.65 0.000975578
2.66 0.000976706
2.67 0.000979052
2.68 0.000980614
2.69 0.00098163
2.7 0.000983926
2.71 0.000985766
2.72 0.000986732
2.73 0.000988921
2.74 0.000991051
2.75 0.000991994
2.76 0.000994032
2.77 0.000996434
2.78 0.000997475
2.79 0.000999333
2.8 0.00100195
2.81 0.00100329
2.82 0.00100478
2.83 0.00100738
2.84 0.00100951
2.85 0.00101084
2.86 0.00101273
2.87 0.0010153
2.88 0.00101758
2.89 0.00101915
2.9 0.00102075
2.91 0.00102296
2.92 0.00102536
2.93 0.00102728
2.94 0.00102873
2.95 0.00103028
2.96 0.00103234
2.97 0.0010346
2.98 0.00103651
2.99 0.00103783
3 0.00103922
3.01 0.0010412
3.02 0.00104339
3.03 0.00104512
3.04 0.00104634
3.05 0.00104771
3.06 0.00104964
3.07 0.00105167
3.08 0.00105331
3.09 0.00105451
3.1 0.00105591
3.11 0.00105776
3.12 0.00105965
3.13 0.00106119
3.14 0.00106242
3.15 0.0010638
3.16 0.00106556
3.17 0.00106736
3.18 0.00106881
3.19 0.00107
3.2 0.00107137
3.21 0.00107314
3.22 0.00107478
3.23 0.00107596
3.24 0.00107723
3.25 0.00107903
3.26 0.00108047
3.27 0.00108149
3.28 0.00108316
3.29 0.00108472
3.3 0.00108569
3.31 0.00108722
3.32 0.00108884
3.33 0.00108982
3.34 0.00109124
3.35 0.00109288
3.36 0.00109391
3.37 0.00109465
3.38 0.00109629
3.39 0.00109722
3.4 0.00109812
3.41 0.00109981
3.42 0.00110077
3.43 0.0011017
3.44 0.00110339
3.45 0.00110438
3.46 0.00110536
3.47 0.00110703
3.48 0.00110803
3.49 0.00110907
3.5 0.00111074
3.51 0.00111175
3.52 0.00111285
3.53 0.0011145
3.54 0.00111555
3.55 0.0011167
3.56 0.00111838
3.57 0.00111945
3.58 0.00112062
3.59 0.00112232
3.6 0.00112337
3.61 0.00112461
3.62 0.00112632
3.63 0.00112743
3.64 0.00112871
3.65 0.00113044
3.66 0.00113156
3.67 0.00113287
3.68 0.0011346
3.69 0.00113579
3.7 0.00113713
3.71 0.0011389
3.72 0.0011401
3.73 0.00114149
3.74 0.00114331
3.75 0.00114457
3.76 0.00114598
3.77 0.00114784
3.78 0.00114913
3.79 0.00115053
3.8 0.00115246
3.81 0.00115379
3.82 0.00115522
3.83 0.00115718
3.84 0.00115855
3.85 0.00116004
3.86 0.00116204
3.87 0.00116348
3.88 0.00116503
3.89 0.00116706
3.9 0.00116859
3.91 0.00117015
3.92 0.00117226
3.93 0.00117388
3.94 0.00117543
3.95 0.0011775
3.96 0.00117909
3.97 0.00118054
3.98 0.00118258
3.99 0.00118412
4 0.00118551
4.01 0.00118753
4.02 0.001189
4.03 0.00119033
4.04 0.0011923
4.05 0.00119371
4.06 0.00119498
4.07 0.00119687
4.08 0.00119829
4.09 0.00119951
4.1 0.00120136
4.11 0.00120279
4.12 0.00120393
4.13 0.00120576
4.14 0.00120715
4.15 0.00120827
4.16 0.00121008
4.17 0.00121141
4.18 0.00121248
4.19 0.0012142
4.2 0.00121556
4.21 0.00121658
4.22 0.00121831
4.23 0.00121965
4.24 0.00122062
4.25 0.00122228
4.26 0.00122363
4.27 0.00122456
4.28 0.0012262
4.29 0.00122755
4.3 0.00122846
4.31 0.00123003
4.32 0.00123139
4.33 0.00123227
4.34 0.00123379
4.35 0.00123517
4.36 0.00123608
4.37 0.00123738
4.38 0.00123889
4.39 0.00123989
4.4 0.00124089
4.41 0.00124238
4.42 0.00124373
4.43 0.00124464
4.44 0.00124568
4.45 0.00124723
4.46 0.00124845
4.47 0.0012493
4.48 0.00125004
4.49 0.00125102
4.5 0.00125232
4.51 0.00125351
4.52 0.00125442
4.53 0.00125521
4.54 0.00125626
4.55 0.00125756
4.56 0.00125873
4.57 0.00125962
4.58 0.00126056
4.59 0.00126171
4.6 0.00126296
4.61 0.00126399
4.62 0.00126495
4.63 0.00126611
4.64 0.00126735
4.65 0.00126841
4.66 0.00126944
4.67 0.00127061
4.68 0.00127182
4.69 0.00127289
4.7 0.00127399
4.71 0.00127521
4.72 0.00127636
4.73 0.00127745
4.74 0.00127864
4.75 0.00127986
4.76 0.00128097
4.77 0.00128218
4.78 0.00128342
4.79 0.00128455
4.8 0.00128579
4.81 0.00128705
4.82 0.00128821
4.83 0.00128948
4.84 0.00129078
4.85 0.00129198
4.86 0.00129324
4.87 0.00129457
4.88 0.00129579
4.89 0.00129708
4.9 0.00129842
4.91 0.00129973
4.92 0.00130101
4.93 0.00130232
4.94 0.00130368
4.95 0.001305
4.96 0.00130631
4.97 0.00130766
4.98 0.00130905
4.99 0.00131048
5 0.00131184
5.01 0.00131324
5.02 0.00131469
5.03 0.00131617
5.04 0.00131764
5.05 0.00131904
5.06 0.00132052
5.07 0.00132199
5.08 0.00132351
5.09 0.00132506
5.1 0.00132655
5.11 0.00132811
5.12 0.0013297
5.13 0.00133125
5.14 0.00133277
5.15 0.00133423
5.16 0.00133569
5.17 0.0013372
5.18 0.00133868
5.19 0.00134013
5.2 0.00134157
5.21 0.00134299
5.22 0.00134438
5.23 0.00134582
5.24 0.00134723
5.25 0.0013486
5.26 0.00134994
5.27 0.0013513
5.28 0.00135269
5.29 0.001354
5.3 0.00135532
5.31 0.00135662
5.32 0.00135795
5.33 0.00135927
5.34 0.00136056
5.35 0.00136184
5.36 0.00136308
5.37 0.00136436
5.38 0.00136563
5.39 0.00136686
5.4 0.00136808
5.41 0.00136931
5.42 0.00137053
5.43 0.00137177
5.44 0.00137297
5.45 0.00137415
5.46 0.00137535
5.47 0.00137656
5.48 0.00137774
5.49 0.00137887
5.5 0.00138001
5.51 0.00138117
5.52 0.00138232
5.53 0.00138346
5.54 0.00138456
5.55 0.00138568
5.56 0.00138683
5.57 0.00138795
5.58 0.00138903
5.59 0.00139014
5.6 0.00139124
5.61 0.00139234
5.62 0.00139343
5.63 0.00139447
5.64 0.00139556
5.65 0.00139666
5.66 0.00139767
5.67 0.00139875
5.68 0.00139982
5.69 0.00140084
5.7 0.00140188
5.71 0.00140295
5.72 0.00140397
5.73 0.00140501
5.74 0.00140605
5.75 0.00140668
5.76 0.00140775
5.77 0.00140842
5.78 0.00140945
5.79 0.00141046
5.8 0.0014112
5.81 0.00141233
5.82 0.00141321
5.83 0.00141406
5.84 0.00141521
5.85 0.00141603
5.86 0.00141701
5.87 0.0014181
5.88 0.0014189
5.89 0.00141996
5.9 0.00142097
5.91 0.00142181
5.92 0.00142295
5.93 0.00142388
5.94 0.00142482
5.95 0.00142596
5.96 0.00142684
5.97 0.00142788
5.98 0.00142896
5.99 0.00142987
6 0.00143098
6.01 0.00143203
6.02 0.00143296
6.03 0.00143412
6.04 0.00143512
6.05 0.00143614
6.06 0.0014373
6.07 0.00143829
6.08 0.00143938
6.09 0.00144052
6.1 0.00144153
6.11 0.00144268
6.12 0.00144378
6.13 0.00144483
6.14 0.00144602
6.15 0.00144709
6.16 0.00144819
6.17 0.00144937
6.18 0.00145046
6.19 0.0014516
6.2 0.00145278
6.21 0.00145387
6.22 0.00145508
6.23 0.00145627
6.24 0.0014574
6.25 0.00145865
6.26 0.00145982
6.27 0.001461
6.28 0.00146229
6.29 0.00146344
6.3 0.0014647
6.31 0.00146599
6.32 0.00146717
6.33 0.0014685
6.34 0.00146979
6.35 0.00147101
6.36 0.00147238
6.37 0.00147365
6.38 0.00147494
6.39 0.00147634
6.4 0.00147762
6.41 0.00147897
6.42 0.00148036
6.43 0.00148166
6.44 0.00148307
6.45 0.00148447
6.46 0.00148581
6.47 0.00148725
6.48 0.00148862
6.49 0.00148993
6.5 0.00149137
6.51 0.00149265
6.52 0.00149397
6.53 0.00149535
6.54 0.00149659
6.55 0.00149794
6.56 0.00149923
6.57 0.00150045
6.58 0.00150176
6.59 0.00150298
6.6 0.00150418
6.61 0.00150548
6.62 0.00150663
6.63 0.00150787
6.64 0.00150911
6.65 0.00151024
6.66 0.00151147
6.67 0.00151267
6.68 0.00151378
6.69 0.00151503
6.7 0.00151617
6.71 0.0015173
6.72 0.0015185
6.73 0.0015196
6.74 0.00152074
6.75 0.0015219
6.76 0.00152298
6.77 0.00152413
6.78 0.00152524
6.79 0.0015263
6.8 0.00152744
6.81 0.00152852
6.82 0.00152958
6.83 0.00153069
6.84 0.00153171
6.85 0.00153278
6.86 0.00153385
6.87 0.00153487
6.88 0.00153594
6.89 0.00153698
6.9 0.00153799
6.91 0.00153904
6.92 0.00154005
6.93 0.00154107
6.94 0.00154208
6.95 0.00154306
6.96 0.00154407
6.97 0.00154507
6.98 0.00154605
6.99 0.00154703
7 0.00154799
7.01 0.00154897
7.02 0.00154996
7.03 0.0015509
7.04 0.00155188
7.05 0.00155285
7.06 0.0015538
7.07 0.00155476
7.08 0.00155572
7.09 0.00155665
7.1 0.00155761
7.11 0.00155853
7.12 0.00155948
7.13 0.00156041
7.14 0.00156134
7.15 0.00156228
7.16 0.00156291
7.17 0.00156379
7.18 0.00156453
7.19 0.00156526
7.2 0.00156621
7.21 0.00156707
7.22 0.00156782
7.23 0.00156871
7.24 0.00156964
7.25 0.00157044
7.26 0.00157127
7.27 0.00157221
7.28 0.00157309
7.29 0.00157391
7.3 0.00157483
7.31 0.00157573
7.32 0.00157657
7.33 0.00157748
7.34 0.00157841
7.35 0.00157926
7.36 0.00158018
7.37 0.00158111
7.38 0.00158198
7.39 0.00158293
7.4 0.00158384
7.41 0.00158473
7.42 0.00158571
7.43 0.00158661
7.44 0.00158755
7.45 0.00158852
7.46 0.00158943
7.47 0.00159041
7.48 0.00159136
7.49 0.00159229
7.5 0.00159328
7.51 0.00159422
7.52 0.00159518
7.53 0.00159619
7.54 0.00159714
7.55 0.00159814
7.56 0.00159915
7.57 0.00160012
7.58 0.00160115
7.59 0.00160216
7.6 0.00160316
7.61 0.00160419
7.62 0.0016052
7.63 0.00160624
7.64 0.00160726
7.65 0.00160828
7.66 0.00160935
7.67 0.00161038
7.68 0.00161145
7.69 0.00161254
7.7 0.0016136
7.71 0.0016147
7.72 0.0016158
7.73 0.00161688
7.74 0.00161801
7.75 0.00161911
7.76 0.00162022
7.77 0.00162137
7.78 0.00162247
7.79 0.00162362
7.8 0.00162478
7.81 0.0016259
7.82 0.0016271
7.83 0.00162826
7.84 0.00162943
7.85 0.00163066
7.86 0.00163185
7.87 0.00163305
7.88 0.00163431
7.89 0.00163553
7.9 0.00163676
7.91 0.00163802
7.92 0.00163928
7.93 0.00164053
7.94 0.00164182
7.95 0.00164308
7.96 0.00164431
7.97 0.00164557
7.98 0.00164682
7.99 0.00164802
8 0.00164922
8.01 0.00165044
8.02 0.00165164
8.03 0.00165281
8.04 0.00165395
8.05 0.00165516
8.06 0.00165634
8.07 0.00165745
8.08 0.00165858
8.09 0.00165975
8.1 0.00166089
8.11 0.001662
8.12 0.0016631
8.13 0.00166424
8.14 0.00166533
8.15 0.0016664
8.16 0.00166749
8.17 0.00166861
8.18 0.00166966
8.19 0.0016707
8.2 0.00167177
8.21 0.00167283
8.22 0.00167387
8.23 0.0016749
8.24 0.00167595
8.25 0.00167699
8.26 0.00167799
8.27 0.00167901
8.28 0.00168004
8.29 0.00168105
8.3 0.00168202
8.31 0.00168301
8.32 0.001684
8.33 0.001685
8.34 0.00168596
8.35 0.00168693
8.36 0.00168791
8.37 0.00168888
8.38 0.00168983
8.39 0.00169077
8.4 0.00169174
8.41 0.00169269
8.42 0.00169361
8.43 0.00169456
8.44 0.00169548
8.45 0.00169637
8.46 0.00169732
8.47 0.00169826
8.48 0.00169915
8.49 0.00170006
8.5 0.00170099
8.51 0.00170187
8.52 0.00170278
8.53 0.00170369
8.54 0.00170456
8.55 0.00170543
8.56 0.00170631
8.57 0.00170716
8.58 0.00170805
8.59 0.00170891
8.6 0.00170978
8.61 0.00171065
8.62 0.00171151
8.63 0.00171238
8.64 0.00171323
8.65 0.00171409
8.66 0.00171494
8.67 0.00171578
8.68 0.00171663
8.69 0.00171748
8.7 0.00171831
8.71 0.00171905
8.72 0.00171964
8.73 0.0017203
8.74 0.00172123
8.75 0.00172181
8.76 0.00172267
8.77 0.00172348
8.78 0.00172412
8.79 0.00172506
8.8 0.00172576
8.81 0.00172652
8.82 0.00172742
8.83 0.00172807
8.84 0.00172896
8.85 0.00172976
8.86 0.00173044
8.87 0.00173139
8.88 0.0017321
8.89 0.00173291
8.9 0.00173381
8.91 0.00173451
8.92 0.00173541
8.93 0.00173623
8.94 0.00173698
8.95 0.00173792
8.96 0.00173866
8.97 0.00173952
8.98 0.0017404
8.99 0.00174116
9 0.00174206
9.01 0.0017429
9.02 0.00174373
9.03 0.00174464
9.04 0.00174545
9.05 0.00174634
9.06 0.00174723
9.07 0.00174805
9.08 0.00174896
9.09 0.00174982
9.1 0.00175068
9.11 0.0017516
9.12 0.00175246
9.13 0.00175333
9.14 0.00175424
9.15 0.0017551
9.16 0.00175602
9.17 0.00175691
9.18 0.0017578
9.19 0.00175873
9.2 0.00175962
9.21 0.00176054
9.22 0.00176147
9.23 0.00176238
9.24 0.00176333
9.25 0.00176424
9.26 0.00176516
9.27 0.00176611
9.28 0.00176704
9.29 0.00176799
9.3 0.00176895
9.31 0.0017699
9.32 0.00177087
9.33 0.00177184
9.34 0.00177281
9.35 0.00177379
9.36 0.00177477
9.37 0.00177576
9.38 0.00177675
9.39 0.00177775
9.4 0.00177876
9.41 0.00177975
9.42 0.00178077
9.43 0.00178179
9.44 0.00178279
9.45 0.00178384
9.46 0.00178486
9.47 0.00178589
9.48 0.00178696
9.49 0.00178799
9.5 0.00178908
9.51 0.00179016
9.52 0.00179121
9.53 0.00179234
9.54 0.00179342
9.55 0.00179453
9.56 0.00179566
9.57 0.00179676
9.58 0.0017979
9.59 0.00179903
9.6 0.00180013
9.61 0.00180124
9.62 0.00180234
9.63 0.0018034
9.64 0.00180451
9.65 0.00180558
9.66 0.00180664
9.67 0.00180772
9.68 0.00180873
9.69 0.0018098
9.7 0.00181085
9.71 0.00181183
9.72 0.0018129
9.73 0.00181387
9.74 0.00181488
9.75 0.00181592
9.76 0.00181687
9.77 0.00181788
9.78 0.00181888
9.79 0.00181982
9.8 0.00182086
9.81 0.0018218
9.82 0.00182276
9.83 0.00182378
9.84 0.00182469
9.85 0.00182567
9.86 0.00182663
9.87 0.00182752
9.88 0.00182851
9.89 0.00182942
9.9 0.00183032
9.91 0.00183131
9.92 0.00183216
9.93 0.00183309
9.94 0.00183403
9.95 0.00183487
9.96 0.00183582
9.97 0.00183671
9.98 0.00183755
9.99 0.0018385
10 0.00183934
