0 0.0003225
0.01 0.000327593
0.02 0.000332715
0.03 0.000337837
0.04 0.000342962
0.05 0.000348088
0.06 0.000353241
0.07 0.000358435
0.08 0.000363626
0.09 0.000368821
0.1 0.000374014
0.11 0.000379214
0.12 0.000384407
0.13 0.000389609
0.14 0.000393961
0.15 0.000398173
0.16 0.000402387
0.17 0.000406588
0.18 0.000410787
0.19 0.000415003
0.2 0.00041922
0.21 0.00042341
0.22 0.000427658
0.23 0.000431871
0.24 0.000436133
0.25 0.000440411
0.26 0.000444651
0.27 0.000448941
0.28 0.000453159
0.29 0.000457429
0.3 0.000461719
0.31 0.000465999
0.32 0.000469998
0.33 0.000473596
0.34 0.000477136
0.35 0.000480694
0.36 0.000484234
0.37 0.000487758
0.38 0.000491385
0.39 0.000494995
0.4 0.00049856
0.41 0.000502135
0.42 0.000505749
0.43 0.000509302
0.44 0.000512862
0.45 0.00051645
0.46 0.000520115
0.47 0.000523735
0.48 0.000527373
0.49 0.000531004
0.5 0.000534566
0.51 0.000538134
0.52 0.000541737
0.53 0.000545406
0.54 0.000548634
0.55 0.000551758
0.56 0.00055488
0.57 0.000557949
0.58 0.000561
0.59 0.000564072
0.6 0.000567248
0.61 0.000570419
0.62 0.000573535
0.63 0.000576673
0.64 0.000579746
0.65 0.000582773
0.66 0.00058584
0.67 0.000589019
0.68 0.000592212
0.69 0.000595367
0.7 0.000598561
0.71 0.000601627
0.72 0.000604686
0.73 0.000607771
0.74 0.000610912
0.75 0.000614126
0.76 0.000617225
0.77 0.000620423
0.78 0.000623482
0.79 0.00062627
0.8 0.00062896
0.81 0.000631705
0.82 0.000634499
0.83 0.000637257
0.84 0.000640035
0.85 0.000642758
0.86 0.000645474
0.87 0.000648221
0.88 0.000650939
0.89 0.000653702
0.9 0.000656476
0.91 0.000659248
0.92 0.000662011
0.93 0.000664761
0.94 0.000667491
0.95 0.000670247
0.96 0.000673003
0.97 0.000675822
0.98 0.000678612
0.99 0.000681349
1 0.000684103
1.01 0.000686852
1.02 0.000689652
1.03 0.000692402
1.04 0.00069523
1.05 0.000698025
1.06 0.000700848
1.07 0.000703507
1.08 0.000705905
1.09 0.000708369
1.1 0.000710789
1.11 0.000713212
1.12 0.000715692
1.13 0.000718098
1.14 0.000720651
1.15 0.000723086
1.16 0.000725643
1.17 0.000727997
1.18 0.000730441
1.19 0.000732958
1.2 0.000735344
1.21 0.000737899
1.22 0.000740263
1.23 0.000742749
1.24 0.000745294
1.25 0.000747712
1.26 0.0007502
1.27 0.000752727
1.28 0.000755161
1.29 0.000757627
1.3 0.000760088
1.31 0.000762571
1.32 0.000765101
1.33 0.00076752
1.34 0.000770071
1.35 0.000772482
1.36 0.000775042
1.37 0.000777471
1.38 0.000779872
1.39 0.000782208
1.4 0.000784319
1.41 0.000786642
1.42 0.000788885
1.43 0.00079105
1.44 0.000793257
1.45 0.00079549
1.46 0.000797756
1.47 0.00080006
1.48 0.000802173
1.49 0.000804402
1.5 0.000806629
1.51 0.000808804
1.52 0.000811176
1.53 0.000813338
1.54 0.000815617
1.55 0.000817818
1.56 0.000820036
1.57 0.00082229
1.58 0.000824445
1.59 0.000826736
1.6 0.000828962
1.61 0.000831269
1.62 0.000833499
1.63 0.000835756
1.64 0.000837952
1.65 0.000840251
1.66 0.0008425
1.67 0.00084487
1.68 0.000847042
1.69 0.000849191
1.7 0.000851473
1.71 0.000853646
1.72 0.000855932
1.73 0.0008582
1.74 0.000860283
1.75 0.000862244
1.76 0.000864213
1.77 0.000866292
1.78 0.000868281
1.79 0.000870323
1.8 0.000872443
1.81 0.000874558
1.82 0.000876598
1.83 0.000878689
1.84 0.000880581
1.85 0.00088263
1.86 0.000884589
1.87 0.000886709
1.88 0.000888961
1.89 0.000890832
1.9 0.000892802
1.91 0.000894805
1.92 0.000896865
1.93 0.000898898
1.94 0.000901007
1.95 0.000903007
1.96 0.000905111
1.97 0.000907218
1.98 0.000909279
1.99 0.000911208
2 0.000913243
2.01 0.000915336
2.02 0.000917436
2.03 0.000919563
2.04 0.00092158
2.05 0.000923498
2.06 0.000925562
2.07 0.000927535
2.08 0.000929801
2.09 0.000931789
2.1 0.000933778
2.11 0.000935809
2.12 0.000937766
2.13 0.00093976
2.14 0.000941716
2.15 0.000943561
2.16 0.000945474
2.17 0.000947317
2.18 0.00094924
2.19 0.000951102
2.2 0.000952649
2.21 0.000954608
2.22 0.000956605
2.23 0.00095877
2.24 0.000960601
2.25 0.000962385
2.26 0.000964058
2.27 0.000965845
2.28 0.000967708
2.29 0.000969813
2.3 0.000971865
2.31 0.000973608
2.32 0.000975459
2.33 0.000977323
2.34 0.000979013
2.35 0.000980821
2.36 0.000982839
2.37 0.000984869
2.38 0.000986812
2.39 0.000988886
2.4 0.000990542
2.41 0.000992197
2.42 0.000994064
2.43 0.000996038
2.44 0.000998241
2.45 0.00100003
2.46 0.00100195
2.47 0.00100363
2.48 0.0010054
2.49 0.00100727
2.5 0.00100929
2.51 0.00101121
2.52 0.00101319
2.53 0.00101529
2.54 0.00101707
2.55 0.00101867
2.56 0.00102016
2.57 0.00102176
2.58 0.00102339
2.59 0.00102545
2.6 0.00102757
2.61 0.00102895
2.62 0.00103059
2.63 0.00103229
2.64 0.00103385
2.65 0.00103569
2.66 0.00103745
2.67 0.00103936
2.68 0.00104109
2.69 0.00104295
2.7 0.00104467
2.71 0.00104599
2.72 0.00104779
2.73 0.00104961
2.74 0.00105175
2.75 0.00105344
2.76 0.00105502
2.77 0.00105656
2.78 0.00105826
2.79 0.00105993
2.8 0.00106199
2.81 0.00106387
2.82 0.00106547
2.83 0.00106719
2.84 0.00106906
2.85 0.00107053
2.86 0.00107208
2.87 0.00107399
2.88 0.0010759
2.89 0.00107777
2.9 0.0010797
2.91 0.00108127
2.92 0.00108275
2.93 0.00108437
2.94 0.00108609
2.95 0.00108816
2.96 0.00108985
2.97 0.00109158
2.98 0.00109329
2.99 0.00109476
3 0.00109629
3.01 0.00109788
3.02 0.00109963
3.03 0.00110128
3.04 0.00110306
3.05 0.00110469
3.06 0.0011061
3.07 0.0011076
3.08 0.00110912
3.09 0.00111094
3.1 0.00111264
3.11 0.00111445
3.12 0.00111592
3.13 0.00111744
3.14 0.00111903
3.15 0.00112047
3.16 0.00112225
3.17 0.0011239
3.18 0.00112565
3.19 0.00112726
3.2 0.00112888
3.21 0.00113045
3.22 0.00113182
3.23 0.00113346
3.24 0.00113523
3.25 0.00113713
3.26 0.0011387
3.27 0.0011402
3.28 0.00114173
3.29 0.00114323
3.3 0.00114489
3.31 0.00114666
3.32 0.00114841
3.33 0.00114996
3.34 0.00115158
3.35 0.00115326
3.36 0.00115467
3.37 0.00115619
3.38 0.00115795
3.39 0.00115974
3.4 0.00116139
3.41 0.00116306
3.42 0.00116461
3.43 0.00116603
3.44 0.00116759
3.45 0.00116938
3.46 0.00117128
3.47 0.00117271
3.48 0.00117404
3.49 0.0011755
3.5 0.00117687
3.51 0.00117836
3.52 0.00117992
3.53 0.00118151
3.54 0.00118306
3.55 0.00118468
3.56 0.00118628
3.57 0.00118754
3.58 0.00118891
3.59 0.00119052
3.6 0.00119208
3.61 0.00119369
3.62 0.00119524
3.63 0.00119669
3.64 0.00119815
3.65 0.00119957
3.66 0.00120109
3.67 0.00120274
3.68 0.00120418
3.69 0.00120571
3.7 0.00120729
3.71 0.00120878
3.72 0.00121031
3.73 0.00121166
3.74 0.00121326
3.75 0.00121483
3.76 0.00121651
3.77 0.00121805
3.78 0.00121943
3.79 0.00122087
3.8 0.00122236
3.81 0.00122403
3.82 0.00122557
3.83 0.00122711
3.84 0.00122857
3.85 0.00123009
3.86 0.00123164
3.87 0.00123308
3.88 0.00123466
3.89 0.0012362
3.9 0.00123773
3.91 0.00123942
3.92 0.00124082
3.93 0.00124223
3.94 0.00124374
3.95 0.00124525
3.96 0.00124687
3.97 0.0012485
3.98 0.00124993
3.99 0.00125119
4 0.0012525
4.01 0.00125389
4.02 0.00125552
4.03 0.00125687
4.04 0.00125828
4.05 0.00125969
4.06 0.00126112
4.07 0.00126263
4.08 0.00126388
4.09 0.0012653
4.1 0.00126681
4.11 0.00126829
4.12 0.00126991
4.13 0.00127116
4.14 0.00127245
4.15 0.0012739
4.16 0.00127533
4.17 0.00127687
4.18 0.00127833
4.19 0.00127968
4.2 0.0012811
4.21 0.00128243
4.22 0.00128391
4.23 0.00128536
4.24 0.00128672
4.25 0.00128818
4.26 0.0012897
4.27 0.00129116
4.28 0.00129255
4.29 0.00129379
4.3 0.0012953
4.31 0.0012967
4.32 0.00129831
4.33 0.00129984
4.34 0.00130106
4.35 0.00130244
4.36 0.0013038
4.37 0.00130528
4.38 0.00130672
4.39 0.00130811
4.4 0.00130957
4.41 0.00131105
4.42 0.00131258
4.43 0.00131399
4.44 0.00131524
4.45 0.00131673
4.46 0.00131809
4.47 0.00131969
4.48 0.00132108
4.49 0.00132251
4.5 0.00132385
4.51 0.00132528
4.52 0.00132671
4.53 0.00132822
4.54 0.00132939
4.55 0.00133073
4.56 0.00133199
4.57 0.00133336
4.58 0.0013347
4.59 0.00133601
4.6 0.00133733
4.61 0.00133868
4.62 0.00134006
4.63 0.00134159
4.64 0.00134275
4.65 0.00134407
4.66 0.00134542
4.67 0.00134675
4.68 0.0013482
4.69 0.00134948
4.7 0.00135081
4.71 0.00135218
4.72 0.00135349
4.73 0.00135493
4.74 0.00135616
4.75 0.0013575
4.76 0.00135889
4.77 0.00136032
4.78 0.00136166
4.79 0.00136296
4.8 0.00136419
4.81 0.00136558
4.82 0.00136687
4.83 0.00136836
4.84 0.0013698
4.85 0.00137102
4.86 0.00137235
4.87 0.00137367
4.88 0.00137505
4.89 0.00137637
4.9 0.00137771
4.91 0.00137906
4.92 0.00138045
4.93 0.00138189
4.94 0.0013832
4.95 0.00138443
4.96 0.00138582
4.97 0.00138714
4.98 0.00138868
4.99 0.00138996
5 0.00139122
5.01 0.00139256
5.02 0.00139387
5.03 0.00139526
5.04 0.0013967
5.05 0.00139799
5.06 0.00139938
5.07 0.00140067
5.08 0.00140211
5.09 0.00140335
5.1 0.00140464
5.11 0.00140606
5.12 0.00140723
5.13 0.00140855
5.14 0.00140987
5.15 0.00141099
5.16 0.00141224
5.17 0.00141347
5.18 0.00141485
5.19 0.00141622
5.2 0.00141738
5.21 0.0014186
5.22 0.00141985
5.23 0.00142111
5.24 0.00142241
5.25 0.00142369
5.26 0.00142495
5.27 0.00142628
5.28 0.00142764
5.29 0.0014289
5.3 0.00143001
5.31 0.00143131
5.32 0.00143255
5.33 0.00143395
5.34 0.00143526
5.35 0.00143654
5.36 0.00143768
5.37 0.00143895
5.38 0.00144019
5.39 0.00144156
5.4 0.00144284
5.41 0.00144409
5.42 0.00144534
5.43 0.00144665
5.44 0.00144793
5.45 0.00144915
5.46 0.00145038
5.47 0.0014517
5.48 0.00145302
5.49 0.00145446
5.5 0.00145563
5.51 0.00145681
5.52 0.00145807
5.53 0.00145931
5.54 0.00146073
5.55 0.001462
5.56 0.00146326
5.57 0.00146452
5.58 0.00146575
5.59 0.00146711
5.6 0.00146829
5.61 0.00146952
5.62 0.00147089
5.63 0.00147219
5.64 0.00147353
5.65 0.0014748
5.66 0.00147595
5.67 0.00147723
5.68 0.00147846
5.69 0.00147985
5.7 0.00148124
5.71 0.00148238
5.72 0.00148363
5.73 0.00148477
5.74 0.00148589
5.75 0.00148712
5.76 0.00148829
5.77 0.0014895
5.78 0.00149073
5.79 0.00149202
5.8 0.00149324
5.81 0.00149427
5.82 0.00149553
5.83 0.00149672
5.84 0.00149804
5.85 0.0014993
5.86 0.00150043
5.87 0.00150155
5.88 0.00150275
5.89 0.00150394
5.9 0.0015053
5.91 0.0015065
5.92 0.00150764
5.93 0.00150883
5.94 0.00151006
5.95 0.00151125
5.96 0.0015124
5.97 0.00151362
5.98 0.00151486
5.99 0.00151612
6 0.00151743
6.01 0.00151855
6.02 0.00151965
6.03 0.00152088
6.04 0.00152207
6.05 0.00152345
6.06 0.00152464
6.07 0.00152576
6.08 0.00152696
6.09 0.0015281
6.1 0.00152935
6.11 0.00153064
6.12 0.0015318
6.13 0.00153305
6.14 0.00153427
6.15 0.00153553
6.16 0.00153667
6.17 0.00153777
6.18 0.00153905
6.19 0.00154028
6.2 0.00154163
6.21 0.00154287
6.22 0.00154392
6.23 0.00154513
6.24 0.00154627
6.25 0.00154752
6.26 0.00154882
6.27 0.00154997
6.28 0.00155118
6.29 0.00155238
6.3 0.00155364
6.31 0.00155485
6.32 0.00155594
6.33 0.00155721
6.34 0.00155843
6.35 0.00155974
6.36 0.00156099
6.37 0.00156209
6.38 0.00156312
6.39 0.00156421
6.4 0.00156535
6.41 0.00156661
6.42 0.00156775
6.43 0.00156884
6.44 0.00156996
6.45 0.00157114
6.46 0.00157225
6.47 0.00157334
6.48 0.00157452
6.49 0.0015757
6.5 0.00157694
6.51 0.00157816
6.52 0.00157921
6.53 0.00158025
6.54 0.0015814
6.55 0.00158262
6.56 0.00158394
6.57 0.00158505
6.58 0.00158611
6.59 0.0015872
6.6 0.00158829
6.61 0.00158945
6.62 0.00159069
6.63 0.00159185
6.64 0.001593
6.65 0.00159421
6.66 0.00159537
6.67 0.00159641
6.68 0.00159744
6.69 0.00159865
6.7 0.0015999
6.71 0.00160115
6.72 0.00160233
6.73 0.00160334
6.74 0.00160443
6.75 0.00160549
6.76 0.00160678
6.77 0.00160802
6.78 0.00160913
6.79 0.00161027
6.8 0.00161142
6.81 0.0016126
6.82 0.00161366
6.83 0.00161475
6.84 0.00161596
6.85 0.00161716
6.86 0.00161844
6.87 0.00161956
6.88 0.00162059
6.89 0.00162165
6.9 0.00162278
6.91 0.00162398
6.92 0.0016252
6.93 0.00162635
6.94 0.00162747
6.95 0.00162861
6.96 0.00162977
6.97 0.00163087
6.98 0.00163201
6.99 0.00163318
7 0.00163437
7.01 0.00163558
7.02 0.00163675
7.03 0.00163782
7.04 0.00163893
7.05 0.00164007
7.06 0.00164117
7.07 0.00164227
7.08 0.00164332
7.09 0.00164435
7.1 0.00164541
7.11 0.0016465
7.12 0.0016476
7.13 0.00164868
7.14 0.00164977
7.15 0.0016509
7.16 0.00165205
7.17 0.00165316
7.18 0.00165417
7.19 0.00165523
7.2 0.00165633
7.21 0.00165749
7.22 0.00165862
7.23 0.00165971
7.24 0.00166072
7.25 0.00166181
7.26 0.0016629
7.27 0.00166409
7.28 0.00166519
7.29 0.00166623
7.3 0.00166731
7.31 0.0016684
7.32 0.0016695
7.33 0.00167058
7.34 0.0016717
7.35 0.0016728
7.36 0.00167392
7.37 0.00167506
7.38 0.0016761
7.39 0.00167713
7.4 0.00167825
7.41 0.00167937
7.42 0.00168053
7.43 0.00168164
7.44 0.00168271
7.45 0.00168377
7.46 0.00168483
7.47 0.00168595
7.48 0.00168712
7.49 0.00168819
7.5 0.00168928
7.51 0.00169039
7.52 0.0016915
7.53 0.00169257
7.54 0.00169361
7.55 0.00169474
7.56 0.00169587
7.57 0.00169703
7.58 0.00169815
7.59 0.00169918
7.6 0.00170024
7.61 0.00170132
7.62 0.00170245
7.63 0.00170357
7.64 0.00170467
7.65 0.00170578
7.66 0.00170687
7.67 0.00170799
7.68 0.00170905
7.69 0.00171009
7.7 0.00171123
7.71 0.00171236
7.72 0.00171353
7.73 0.00171461
7.74 0.00171566
7.75 0.0017167
7.76 0.00171779
7.77 0.00171891
7.78 0.00171991
7.79 0.00172091
7.8 0.0017219
7.81 0.00172293
7.82 0.00172396
7.83 0.00172498
7.84 0.00172604
7.85 0.00172711
7.86 0.00172819
7.87 0.00172925
7.88 0.00173031
7.89 0.00173128
7.9 0.00173229
7.91 0.00173337
7.92 0.00173444
7.93 0.00173554
7.94 0.00173656
7.95 0.00173756
7.96 0.00173859
7.97 0.00173961
7.98 0.00174072
7.99 0.00174181
8 0.00174283
8.01 0.00174386
8.02 0.00174489
8.03 0.00174594
8.04 0.00174697
8.05 0.00174801
8.06 0.00174908
8.07 0.00175014
8.08 0.00175122
8.09 0.00175228
8.1 0.00175325
8.11 0.00175429
8.12 0.00175535
8.13 0.00175645
8.14 0.00175753
8.15 0.00175855
8.16 0.00175957
8.17 0.00176061
8.18 0.00176164
8.19 0.00176273
8.2 0.0017638
8.21 0.00176483
8.22 0.00176588
8.23 0.00176697
8.24 0.001768
8.25 0.00176899
8.26 0.00177005
8.27 0.0017711
8.28 0.00177219
8.29 0.00177329
8.3 0.00177435
8.31 0.00177534
8.32 0.00177637
8.33 0.0017774
8.34 0.00177848
8.35 0.00177955
8.36 0.00178059
8.37 0.00178165
8.38 0.00178271
8.39 0.00178377
8.4 0.00178478
8.41 0.00178579
8.42 0.00178686
8.43 0.00178795
8.44 0.00178906
8.45 0.00179009
8.46 0.00179108
8.47 0.0017921
8.48 0.00179312
8.49 0.00179425
8.5 0.00179533
8.51 0.00179636
8.52 0.0017973
8.53 0.00179825
8.54 0.00179922
8.55 0.00180015
8.56 0.00180113
8.57 0.00180217
8.58 0.00180314
8.59 0.0018042
8.6 0.00180518
8.61 0.00180614
8.62 0.00180716
8.63 0.00180817
8.64 0.00180925
8.65 0.00181022
8.66 0.0018112
8.67 0.0018122
8.68 0.00181317
8.69 0.00181422
8.7 0.00181521
8.71 0.0018162
8.72 0.00181722
8.73 0.00181823
8.74 0.00181927
8.75 0.00182022
8.76 0.0018212
8.77 0.00182223
8.78 0.00182322
8.79 0.0018243
8.8 0.00182528
8.81 0.00182622
8.82 0.00182724
8.83 0.00182819
8.84 0.00182927
8.85 0.00183029
8.86 0.00183124
8.87 0.00183227
8.88 0.00183324
8.89 0.00183428
8.9 0.00183526
8.91 0.00183624
8.92 0.00183729
8.93 0.00183828
8.94 0.00183935
8.95 0.00184035
8.96 0.00184128
8.97 0.00184232
8.98 0.00184329
8.99 0.00184436
9 0.00184539
9.01 0.00184634
9.02 0.00184736
9.03 0.00184834
9.04 0.00184934
9.05 0.00185039
9.06 0.00185136
9.07 0.00185238
9.08 0.00185338
9.09 0.00185441
9.1 0.00185543
9.11 0.00185636
9.12 0.0018574
9.13 0.0018584
9.14 0.00185943
9.15 0.00186048
9.16 0.00186144
9.17 0.00186242
9.18 0.00186343
9.19 0.00186441
9.2 0.00186549
9.21 0.00186647
9.22 0.00186745
9.23 0.00186847
9.24 0.00186946
9.25 0.00187049
9.26 0.00187146
9.27 0.00187247
9.28 0.00187349
9.29 0.00187451
9.3 0.00187547
9.31 0.00187633
9.32 0.00187721
9.33 0.00187817
9.34 0.00187909
9.35 0.00188011
9.36 0.00188107
9.37 0.00188198
9.38 0.00188297
9.39 0.00188389
9.4 0.00188493
9.41 0.00188588
9.42 0.00188682
9.43 0.00188779
9.44 0.00188872
9.45 0.00188973
9.46 0.00189067
9.47 0.00189161
9.48 0.00189261
9.49 0.00189355
9.5 0.00189458
9.51 0.0018955
9.52 0.00189642
9.53 0.00189741
9.54 0.00189834
9.55 0.00189936
9.56 0.00190032
9.57 0.00190123
9.58 0.00190223
9.59 0.00190315
9.6 0.00190413
9.61 0.00190513
9.62 0.00190604
9.63 0.00190703
9.64 0.00190797
9.65 0.00190895
9.66 0.00190994
9.67 0.00191083
9.68 0.00191186
9.69 0.00191277
9.7 0.00191377
9.71 0.00191476
9.72 0.00191567
9.73 0.00191668
9.74 0.00191761
9.75 0.00191858
9.76 0.00191957
9.77 0.0019205
9.78 0.00192149
9.79 0.00192245
9.8 0.0019234
9.81 0.00192437
9.82 0.00192531
9.83 0.00192629
9.84 0.00192727
9.85 0.00192822
9.86 0.00192923
9.87 0.00193016
9.88 0.00193112
9.89 0.00193209
9.9 0.00193302
9.91 0.00193407
9.92 0.00193498
9.93 0.00193595
9.94 0.0019369
9.95 0.00193786
9.96 0.00193885
9.97 0.00193979
9.98 0.00194075
9.99 0.00194173
10 0.00194269
