0 0.0003225
0.01 0.000327945
0.02 0.000333431
0.03 0.000338958
0.04 0.00034448
0.05 0.000349997
0.06 0.000354995
0.07 0.000359897
0.08 0.000364821
0.09 0.000369746
0.1 0.000374689
0.11 0.000379617
0.12 0.000384559
0.13 0.000389486
0.14 0.000394008
0.15 0.000398418
0.16 0.000402819
0.17 0.000407296
0.18 0.000411739
0.19 0.000416245
0.2 0.000420745
0.21 0.000425197
0.22 0.000429649
0.23 0.000433631
0.24 0.000437678
0.25 0.000441819
0.26 0.000445851
0.27 0.000449909
0.28 0.000453996
0.29 0.00045809
0.3 0.000462234
0.31 0.000466249
0.32 0.000470132
0.33 0.000473875
0.34 0.000477587
0.35 0.000481395
0.36 0.000485073
0.37 0.000488816
0.38 0.000492581
0.39 0.000496366
0.4 0.000500112
0.41 0.000503902
0.42 0.000507686
0.43 0.0005111
0.44 0.000514579
0.45 0.000518137
0.46 0.000521588
0.47 0.000524919
0.48 0.000528419
0.49 0.000531885
0.5 0.000535422
0.51 0.000538932
0.52 0.000542432
0.53 0.000545866
0.54 0.000549066
0.55 0.000552267
0.56 0.000555568
0.57 0.000558799
0.58 0.00056202
0.59 0.000565246
0.6 0.000568494
0.61 0.000571784
0.62 0.000574964
0.63 0.000578207
0.64 0.000581498
0.65 0.000584687
0.66 0.000587754
0.67 0.000590736
0.68 0.000593739
0.69 0.0005968
0.7 0.000599898
0.71 0.000602926
0.72 0.000605965
0.73 0.000608927
0.74 0.000611959
0.75 0.000614979
0.76 0.000618054
0.77 0.000621099
0.78 0.000624105
0.79 0.000626999
0.8 0.000629801
0.81 0.000632646
0.82 0.000635482
0.83 0.000638272
0.84 0.00064116
0.85 0.000643979
0.86 0.000646957
0.87 0.000649774
0.88 0.000652544
0.89 0.000655424
0.9 0.000658247
0.91 0.000661149
0.92 0.000664168
0.93 0.000666638
0.94 0.000669256
0.95 0.000671899
0.96 0.000674567
0.97 0.000677452
0.98 0.000679987
0.99 0.000682687
1 0.000685352
1.01 0.000688058
1.02 0.000690825
1.03 0.000693401
1.04 0.000696108
1.05 0.000698891
1.06 0.000701508
1.07 0.000704105
1.08 0.000706574
1.09 0.00070911
1.1 0.000711678
1.11 0.000714246
1.12 0.000716786
1.13 0.000719393
1.14 0.000721849
1.15 0.000724403
1.16 0.000726879
1.17 0.000729478
1.18 0.000732118
1.19 0.000734591
1.2 0.000737174
1.21 0.000739711
1.22 0.000742199
1.23 0.000744621
1.24 0.000747049
1.25 0.000749342
1.26 0.000751831
1.27 0.000754175
1.28 0.000756713
1.29 0.000759073
1.3 0.000761388
1.31 0.000763882
1.32 0.0007662
1.33 0.000768755
1.34 0.000771237
1.35 0.000773523
1.36 0.000776031
1.37 0.000778293
1.38 0.000780828
1.39 0.000783051
1.4 0.000785262
1.41 0.000787706
1.42 0.000789843
1.43 0.000792304
1.44 0.000794604
1.45 0.0007967
1.46 0.000799193
1.47 0.000801299
1.48 0.000803798
1.49 0.000806108
1.5 0.000808175
1.51 0.000810695
1.52 0.000812835
1.53 0.000815287
1.54 0.000817667
1.55 0.000819727
1.56 0.000822005
1.57 0.000824111
1.58 0.000826265
1.59 0.000828559
1.6 0.000830599
1.61 0.000832903
1.62 0.000835074
1.63 0.000837246
1.64 0.000839584
1.65 0.000841488
1.66 0.000843864
1.67 0.00084603
1.68 0.000848202
1.69 0.000850542
1.7 0.000852596
1.71 0.000854835
1.72 0.000857019
1.73 0.000859054
1.74 0.000861368
1.75 0.000863299
1.76 0.000865395
1.77 0.000867494
1.78 0.000869535
1.79 0.000871715
1.8 0.000873708
1.81 0.000875765
1.82 0.000877949
1.83 0.000879919
1.84 0.000882287
1.85 0.000884292
1.86 0.000886252
1.87 0.000888442
1.88 0.000890357
1.89 0.000892654
1.9 0.00089472
1.91 0.000896693
1.92 0.000898864
1.93 0.000900707
1.94 0.000902803
1.95 0.000904771
1.96 0.000906668
1.97 0.000908747
1.98 0.00091074
1.99 0.000912798
2 0.000914845
2.01 0.000916783
2.02 0.000918741
2.03 0.000920758
2.04 0.000922719
2.05 0.000924956
2.06 0.000926812
2.07 0.000928787
2.08 0.000930778
2.09 0.000932742
2.1 0.000934854
2.11 0.000936845
2.12 0.000938692
2.13 0.000940602
2.14 0.00094251
2.15 0.000944536
2.16 0.00094636
2.17 0.000948223
2.18 0.000950246
2.19 0.000952124
2.2 0.000954175
2.21 0.000956041
2.22 0.000957837
2.23 0.000959853
2.24 0.000961655
2.25 0.000963777
2.26 0.000965699
2.27 0.000967503
2.28 0.000969476
2.29 0.000971325
2.3 0.000973316
2.31 0.000975252
2.32 0.000977004
2.33 0.00097891
2.34 0.000980675
2.35 0.000982587
2.36 0.000984442
2.37 0.000986186
2.38 0.000988165
2.39 0.000989867
2.4 0.000991862
2.41 0.000993634
2.42 0.000995418
2.43 0.000997355
2.44 0.000999133
2.45 0.00100105
2.46 0.00100295
2.47 0.00100469
2.48 0.0010066
2.49 0.00100844
2.5 0.00101028
2.51 0.00101219
2.52 0.00101393
2.53 0.00101583
2.54 0.00101753
2.55 0.0010193
2.56 0.00102119
2.57 0.00102277
2.58 0.00102471
2.59 0.0010264
2.6 0.00102826
2.61 0.00103005
2.62 0.00103169
2.63 0.00103358
2.64 0.00103529
2.65 0.00103708
2.66 0.00103891
2.67 0.00104068
2.68 0.00104243
2.69 0.00104423
2.7 0.00104599
2.71 0.0010478
2.72 0.00104952
2.73 0.00105134
2.74 0.00105316
2.75 0.00105486
2.76 0.00105662
2.77 0.00105827
2.78 0.00105991
2.79 0.00106167
2.8 0.00106327
2.81 0.00106513
2.82 0.00106675
2.83 0.00106847
2.84 0.00107021
2.85 0.00107184
2.86 0.00107368
2.87 0.00107535
2.88 0.00107703
2.89 0.00107879
2.9 0.00108045
2.91 0.0010823
2.92 0.00108399
2.93 0.00108559
2.94 0.00108742
2.95 0.00108901
2.96 0.00109082
2.97 0.0010926
2.98 0.00109414
2.99 0.00109585
3 0.00109737
3.01 0.00109913
3.02 0.00110074
3.03 0.00110237
3.04 0.00110406
3.05 0.00110564
3.06 0.00110741
3.07 0.00110907
3.08 0.0011106
3.09 0.00111231
3.1 0.00111394
3.11 0.0011157
3.12 0.0011174
3.13 0.00111891
3.14 0.0011206
3.15 0.00112223
3.16 0.00112385
3.17 0.00112561
3.18 0.00112718
3.19 0.00112891
3.2 0.00113054
3.21 0.00113241
3.22 0.00113403
3.23 0.00113532
3.24 0.00113703
3.25 0.0011385
3.26 0.00114017
3.27 0.00114189
3.28 0.00114345
3.29 0.00114504
3.3 0.00114657
3.31 0.00114815
3.32 0.00114982
3.33 0.00115127
3.34 0.00115295
3.35 0.00115458
3.36 0.00115624
3.37 0.00115799
3.38 0.00115932
3.39 0.00116097
3.4 0.00116253
3.41 0.00116417
3.42 0.00116603
3.43 0.00116743
3.44 0.00116897
3.45 0.00117055
3.46 0.00117228
3.47 0.00117384
3.48 0.0011751
3.49 0.00117672
3.5 0.00117819
3.51 0.00117978
3.52 0.00118141
3.53 0.00118289
3.54 0.00118444
3.55 0.00118597
3.56 0.0011875
3.57 0.00118918
3.58 0.00119046
3.59 0.00119215
3.6 0.00119373
3.61 0.00119528
3.62 0.00119698
3.63 0.00119833
3.64 0.00119992
3.65 0.00120146
3.66 0.00120292
3.67 0.0012047
3.68 0.00120619
3.69 0.00120765
3.7 0.00120926
3.71 0.00121069
3.72 0.00121224
3.73 0.00121369
3.74 0.00121507
3.75 0.00121674
3.76 0.00121805
3.77 0.00121978
3.78 0.00122123
3.79 0.00122253
3.8 0.00122422
3.81 0.00122549
3.82 0.00122726
3.83 0.00122868
3.84 0.00123002
3.85 0.00123168
3.86 0.00123301
3.87 0.00123463
3.88 0.00123617
3.89 0.00123752
3.9 0.00123915
3.91 0.00124053
3.92 0.00124218
3.93 0.00124367
3.94 0.00124495
3.95 0.00124655
3.96 0.00124801
3.97 0.00124951
3.98 0.00125108
3.99 0.00125231
4 0.00125385
4.01 0.00125526
4.02 0.00125666
4.03 0.00125819
4.04 0.00125961
4.05 0.00126106
4.06 0.00126254
4.07 0.00126393
4.08 0.00126547
4.09 0.00126685
4.1 0.00126827
4.11 0.00126981
4.12 0.00127114
4.13 0.00127276
4.14 0.0012742
4.15 0.00127554
4.16 0.00127709
4.17 0.0012784
4.18 0.00128001
4.19 0.00128147
4.2 0.00128283
4.21 0.00128439
4.22 0.00128571
4.23 0.00128739
4.24 0.00128887
4.25 0.00129001
4.26 0.00129157
4.27 0.00129278
4.28 0.00129442
4.29 0.00129586
4.3 0.001297
4.31 0.00129861
4.32 0.00129982
4.33 0.00130136
4.34 0.0013028
4.35 0.00130396
4.36 0.00130566
4.37 0.00130687
4.38 0.0013085
4.39 0.00130988
4.4 0.00131101
4.41 0.00131268
4.42 0.00131394
4.43 0.0013155
4.44 0.00131698
4.45 0.00131815
4.46 0.00131972
4.47 0.00132104
4.48 0.00132242
4.49 0.00132406
4.5 0.00132516
4.51 0.00132677
4.52 0.00132811
4.53 0.00132935
4.54 0.00133088
4.55 0.00133199
4.56 0.00133357
4.57 0.00133488
4.58 0.00133624
4.59 0.0013378
4.6 0.00133885
4.61 0.00134036
4.62 0.00134172
4.63 0.00134305
4.64 0.0013446
4.65 0.00134585
4.66 0.00134714
4.67 0.00134862
4.68 0.00134971
4.69 0.00135141
4.7 0.00135273
4.71 0.00135398
4.72 0.00135549
4.73 0.00135661
4.74 0.00135827
4.75 0.00135951
4.76 0.00136079
4.77 0.00136232
4.78 0.00136348
4.79 0.00136516
4.8 0.00136653
4.81 0.00136753
4.82 0.00136901
4.83 0.00137017
4.84 0.00137169
4.85 0.00137309
4.86 0.00137413
4.87 0.00137569
4.88 0.00137684
4.89 0.00137829
4.9 0.00137966
4.91 0.00138072
4.92 0.00138233
4.93 0.00138346
4.94 0.00138504
4.95 0.00138635
4.96 0.00138733
4.97 0.00138895
4.98 0.00139011
4.99 0.00139162
5 0.00139307
5.01 0.00139411
5.02 0.0013956
5.03 0.00139682
5.04 0.00139815
5.05 0.00139967
5.06 0.00140073
5.07 0.00140225
5.08 0.00140353
5.09 0.0014049
5.1 0.00140639
5.11 0.00140726
5.12 0.00140881
5.13 0.00141
5.14 0.00141136
5.15 0.00141288
5.16 0.00141381
5.17 0.00141527
5.18 0.00141648
5.19 0.00141766
5.2 0.00141924
5.21 0.00142037
5.22 0.00142168
5.23 0.00142301
5.24 0.00142415
5.25 0.00142569
5.26 0.00142674
5.27 0.00142809
5.28 0.00142955
5.29 0.00143055
5.3 0.00143228
5.31 0.00143338
5.32 0.00143454
5.33 0.00143601
5.34 0.00143694
5.35 0.00143869
5.36 0.00143988
5.37 0.00144095
5.38 0.00144242
5.39 0.00144352
5.4 0.00144513
5.41 0.00144626
5.42 0.00144721
5.43 0.00144865
5.44 0.00144973
5.45 0.00145123
5.46 0.0014526
5.47 0.00145352
5.48 0.00145497
5.49 0.00145603
5.5 0.00145736
5.51 0.00145881
5.52 0.0014598
5.53 0.00146125
5.54 0.00146237
5.55 0.0014638
5.56 0.00146507
5.57 0.00146599
5.58 0.0014675
5.59 0.0014687
5.6 0.00147011
5.61 0.00147151
5.62 0.00147246
5.63 0.00147379
5.64 0.00147501
5.65 0.00147626
5.66 0.00147776
5.67 0.0014788
5.68 0.00148013
5.69 0.00148133
5.7 0.00148253
5.71 0.001484
5.72 0.00148502
5.73 0.00148631
5.74 0.00148749
5.75 0.00148878
5.76 0.00149016
5.77 0.00149108
5.78 0.00149237
5.79 0.00149362
5.8 0.00149482
5.81 0.00149636
5.82 0.0014974
5.83 0.0014985
5.84 0.00149978
5.85 0.00150073
5.86 0.00150234
5.87 0.00150348
5.88 0.0015046
5.89 0.00150595
5.9 0.00150701
5.91 0.00150854
5.92 0.00150953
5.93 0.0015107
5.94 0.00151209
5.95 0.00151314
5.96 0.00151474
5.97 0.00151588
5.98 0.00151681
5.99 0.00151824
6 0.00151922
6.01 0.00152079
6.02 0.00152211
6.03 0.00152296
6.04 0.00152433
6.05 0.00152527
6.06 0.00152657
6.07 0.00152798
6.08 0.00152881
6.09 0.00153025
6.1 0.00153126
6.11 0.00153267
6.12 0.0015339
6.13 0.00153472
6.14 0.00153616
6.15 0.00153724
6.16 0.00153859
6.17 0.00153996
6.18 0.00154085
6.19 0.00154209
6.2 0.00154322
6.21 0.00154444
6.22 0.00154582
6.23 0.00154683
6.24 0.00154807
6.25 0.00154926
6.26 0.00155044
6.27 0.00155176
6.28 0.00155273
6.29 0.00155405
6.3 0.00155523
6.31 0.00155654
6.32 0.00155786
6.33 0.00155876
6.34 0.00156004
6.35 0.00156118
6.36 0.00156239
6.37 0.00156377
6.38 0.00156475
6.39 0.00156584
6.4 0.0015669
6.41 0.00156813
6.42 0.0015693
6.43 0.00157035
6.44 0.00157161
6.45 0.00157276
6.46 0.00157396
6.47 0.00157531
6.48 0.0015763
6.49 0.0015774
6.5 0.00157859
6.51 0.00157971
6.52 0.00158118
6.53 0.00158215
6.54 0.00158322
6.55 0.00158443
6.56 0.00158545
6.57 0.00158678
6.58 0.00158797
6.59 0.00158902
6.6 0.00159031
6.61 0.00159146
6.62 0.00159277
6.63 0.00159375
6.64 0.00159485
6.65 0.00159614
6.66 0.00159736
6.67 0.00159869
6.68 0.00159985
6.69 0.00160067
6.7 0.00160192
6.71 0.00160287
6.72 0.00160429
6.73 0.00160549
6.74 0.00160643
6.75 0.00160752
6.76 0.00160856
6.77 0.00160974
6.78 0.00161091
6.79 0.00161202
6.8 0.00161319
6.81 0.00161437
6.82 0.00161571
6.83 0.00161676
6.84 0.00161759
6.85 0.00161885
6.86 0.00161992
6.87 0.00162132
6.88 0.00162256
6.89 0.00162355
6.9 0.00162457
6.91 0.00162563
6.92 0.00162675
6.93 0.00162815
6.94 0.0016292
6.95 0.00163032
6.96 0.0016314
6.97 0.00163264
6.98 0.00163377
6.99 0.00163469
7 0.0016359
7.01 0.00163709
7.02 0.00163839
7.03 0.00163968
7.04 0.00164061
7.05 0.00164152
7.06 0.0016426
7.07 0.00164373
7.08 0.00164506
7.09 0.00164612
7.1 0.00164708
7.11 0.00164819
7.12 0.00164925
7.13 0.00165042
7.14 0.00165151
7.15 0.00165258
7.16 0.00165377
7.17 0.00165496
7.18 0.00165614
7.19 0.00165713
7.2 0.00165806
7.21 0.00165923
7.22 0.00166037
7.23 0.00166171
7.24 0.00166287
7.25 0.00166376
7.26 0.00166485
7.27 0.00166583
7.28 0.00166708
7.29 0.00166829
7.3 0.00166931
7.31 0.00167042
7.32 0.00167155
7.33 0.00167278
7.34 0.00167381
7.35 0.00167471
7.36 0.00167597
7.37 0.00167705
7.38 0.00167839
7.39 0.0016795
7.4 0.00168039
7.41 0.00168139
7.42 0.0016824
7.43 0.00168348
7.44 0.00168477
7.45 0.00168574
7.46 0.00168683
7.47 0.00168788
7.48 0.00168896
7.49 0.00169
7.5 0.00169106
7.51 0.00169218
7.52 0.00169333
7.53 0.00169453
7.54 0.00169563
7.55 0.00169649
7.56 0.00169759
7.57 0.00169867
7.58 0.00169994
7.59 0.00170105
7.6 0.00170206
7.61 0.00170305
7.62 0.00170412
7.63 0.00170517
7.64 0.00170638
7.65 0.00170748
7.66 0.00170854
7.67 0.00170962
7.68 0.00171082
7.69 0.00171184
7.7 0.00171278
7.71 0.0017139
7.72 0.00171498
7.73 0.00171621
7.74 0.00171741
7.75 0.0017184
7.76 0.00171932
7.77 0.00172027
7.78 0.00172135
7.79 0.00172256
7.8 0.00172356
7.81 0.00172457
7.82 0.00172561
7.83 0.00172668
7.84 0.00172777
7.85 0.00172873
7.86 0.00172979
7.87 0.00173093
7.88 0.00173207
7.89 0.0017332
7.9 0.00173415
7.91 0.00173508
7.92 0.00173617
7.93 0.00173724
7.94 0.00173844
7.95 0.00173956
7.96 0.00174051
7.97 0.00174155
7.98 0.00174257
7.99 0.00174361
8 0.00174475
8.01 0.00174577
8.02 0.00174685
8.03 0.00174795
8.04 0.00174905
8.05 0.0017501
8.06 0.00175099
8.07 0.00175213
8.08 0.00175321
8.09 0.00175443
8.1 0.0017555
8.11 0.00175645
8.12 0.00175744
8.13 0.00175839
8.14 0.00175946
8.15 0.00176057
8.16 0.00176161
8.17 0.0017626
8.18 0.00176361
8.19 0.0017647
8.2 0.00176567
8.21 0.00176664
8.22 0.00176773
8.23 0.0017688
8.24 0.00176994
8.25 0.00177102
8.26 0.00177194
8.27 0.00177289
8.28 0.00177391
8.29 0.00177503
8.3 0.0017762
8.31 0.00177719
8.32 0.00177815
8.33 0.00177915
8.34 0.00178017
8.35 0.00178122
8.36 0.00178231
8.37 0.00178333
8.38 0.0017844
8.39 0.0017855
8.4 0.00178658
8.41 0.0017875
8.42 0.00178845
8.43 0.00178953
8.44 0.00179065
8.45 0.0017918
8.46 0.00179283
8.47 0.00179374
8.48 0.00179474
8.49 0.0017957
8.5 0.00179686
8.51 0.00179789
8.52 0.00179883
8.53 0.00179983
8.54 0.00180087
8.55 0.00180188
8.56 0.00180282
8.57 0.00180375
8.58 0.00180483
8.59 0.00180592
8.6 0.00180708
8.61 0.00180811
8.62 0.00180895
8.63 0.0018099
8.64 0.00181087
8.65 0.00181203
8.66 0.00181314
8.67 0.00181413
8.68 0.00181506
8.69 0.00181605
8.7 0.0018171
8.71 0.00181803
8.72 0.00181909
8.73 0.00182013
8.74 0.00182119
8.75 0.0018223
8.76 0.00182333
8.77 0.00182423
8.78 0.00182513
8.79 0.00182617
8.8 0.00182732
8.81 0.0018285
8.82 0.00182947
8.83 0.00183035
8.84 0.00183129
8.85 0.00183226
8.86 0.00183335
8.87 0.00183442
8.88 0.00183545
8.89 0.00183643
8.9 0.00183743
8.91 0.00183843
8.92 0.00183925
8.93 0.00184015
8.94 0.00184125
8.95 0.00184238
8.96 0.00184342
8.97 0.00184439
8.98 0.0018452
8.99 0.00184613
9 0.00184717
9.01 0.00184831
9.02 0.00184935
9.03 0.00185028
9.04 0.00185122
9.05 0.00185218
9.06 0.00185309
9.07 0.00185414
9.08 0.00185519
9.09 0.00185624
9.1 0.00185728
9.11 0.00185827
9.12 0.00185916
9.13 0.00186004
9.14 0.00186108
9.15 0.00186219
9.16 0.00186329
9.17 0.00186431
9.18 0.00186522
9.19 0.00186613
9.2 0.00186705
9.21 0.00186807
9.22 0.00186918
9.23 0.00187022
9.24 0.00187122
9.25 0.00187221
9.26 0.00187318
9.27 0.00187404
9.28 0.00187499
9.29 0.00187601
9.3 0.00187709
9.31 0.00187814
9.32 0.0018791
9.33 0.00187995
9.34 0.00188078
9.35 0.00188168
9.36 0.00188281
9.37 0.00188403
9.38 0.001885
9.39 0.00188593
9.4 0.00188687
9.41 0.00188775
9.42 0.0018886
9.43 0.00188957
9.44 0.00189068
9.45 0.00189174
9.46 0.00189283
9.47 0.00189382
9.48 0.00189461
9.49 0.00189536
9.5 0.00189634
9.51 0.00189754
9.52 0.00189866
9.53 0.00189968
9.54 0.00190056
9.55 0.0019014
9.56 0.00190223
9.57 0.00190328
9.58 0.00190442
9.59 0.00190542
9.6 0.00190644
9.61 0.00190742
9.62 0.00190832
9.63 0.00190908
9.64 0.00190998
9.65 0.00191113
9.66 0.00191228
9.67 0.00191338
9.68 0.00191428
9.69 0.00191497
9.7 0.00191571
9.71 0.00191672
9.72 0.0019179
9.73 0.00191897
9.74 0.00191993
9.75 0.0019208
9.76 0.00192168
9.77 0.00192249
9.78 0.00192339
9.79 0.00192448
9.8 0.00192557
9.81 0.00192665
9.82 0.0019276
9.83 0.00192841
9.84 0.0019291
9.85 0.00192998
9.86 0.00193115
9.87 0.00193233
9.88 0.00193335
9.89 0.00193421
9.9 0.00193502
9.91 0.00193583
9.92 0.00193672
9.93 0.00193787
9.94 0.00193894
9.95 0.00193995
9.96 0.00194091
9.97 0.00194181
9.98 0.00194259
9.99 0.00194331
10 0.00194443
