0 0.0003225
0.01 0.000327137
0.02 0.000331706
0.03 0.000336276
0.04 0.000340848
0.05 0.00034542
0.06 0.00034999
0.07 0.00035456
0.08 0.000359133
0.09 0.000363706
0.1 0.000368278
0.11 0.00037285
0.12 0.000377424
0.13 0.000381998
0.14 0.000386572
0.15 0.00039116
0.16 0.000395814
0.17 0.000400465
0.18 0.000405117
0.19 0.000409772
0.2 0.000414424
0.21 0.000419075
0.22 0.000423727
0.23 0.000428381
0.24 0.000433036
0.25 0.000437688
0.26 0.000442342
0.27 0.000446998
0.28 0.000451653
0.29 0.000456311
0.3 0.000460976
0.31 0.000465686
0.32 0.000470023
0.33 0.000473239
0.34 0.00047661
0.35 0.000479961
0.36 0.000483105
0.37 0.000486495
0.38 0.000489703
0.39 0.000493044
0.4 0.000496425
0.41 0.000499594
0.42 0.000502971
0.43 0.000506209
0.44 0.000509539
0.45 0.000512843
0.46 0.000516082
0.47 0.000519424
0.48 0.000522743
0.49 0.000526008
0.5 0.000529412
0.51 0.000532587
0.52 0.000535947
0.53 0.000539239
0.54 0.000542509
0.55 0.000545931
0.56 0.000549119
0.57 0.000552527
0.58 0.000555852
0.59 0.000559149
0.6 0.000562573
0.61 0.000565828
0.62 0.000569221
0.63 0.000572549
0.64 0.000575885
0.65 0.000579275
0.66 0.000582556
0.67 0.000585888
0.68 0.000589266
0.69 0.000592527
0.7 0.000595986
0.71 0.000599304
0.72 0.000602582
0.73 0.00060598
0.74 0.000609207
0.75 0.000612678
0.76 0.000615969
0.77 0.00061929
0.78 0.000622688
0.79 0.000625719
0.8 0.000628414
0.81 0.000630924
0.82 0.00063345
0.83 0.000636086
0.84 0.000638557
0.85 0.000641263
0.86 0.000643859
0.87 0.000646314
0.88 0.000649021
0.89 0.000651462
0.9 0.000654138
0.91 0.000656742
0.92 0.000659191
0.93 0.00066192
0.94 0.000664382
0.95 0.000667081
0.96 0.000669623
0.97 0.000672095
0.98 0.000674789
0.99 0.000677315
1 0.000679946
1.01 0.000682602
1.02 0.000685008
1.03 0.000687699
1.04 0.000690253
1.05 0.000692789
1.06 0.00069551
1.07 0.000697922
1.08 0.000700625
1.09 0.000703153
1.1 0.000705757
1.11 0.000708459
1.12 0.000710915
1.13 0.00071362
1.14 0.000716207
1.15 0.000718787
1.16 0.000721478
1.17 0.000724002
1.18 0.00072661
1.19 0.00072926
1.2 0.000731753
1.21 0.0007345
1.22 0.000737051
1.23 0.000739638
1.24 0.000742319
1.25 0.000744774
1.26 0.000747533
1.27 0.000750059
1.28 0.000752668
1.29 0.000755328
1.3 0.000757806
1.31 0.000760559
1.32 0.000763117
1.33 0.000765677
1.34 0.000768351
1.35 0.000770863
1.36 0.000773574
1.37 0.000776247
1.38 0.000778677
1.39 0.000781416
1.4 0.000783363
1.41 0.000785453
1.42 0.000787663
1.43 0.000789588
1.44 0.000791882
1.45 0.00079393
1.46 0.000796092
1.47 0.000798223
1.48 0.000800218
1.49 0.000802453
1.5 0.000804526
1.51 0.000806593
1.52 0.00080885
1.53 0.000810883
1.54 0.000813003
1.55 0.000815153
1.56 0.000817161
1.57 0.000819436
1.58 0.000821413
1.59 0.000823568
1.6 0.000825743
1.61 0.000827731
1.62 0.000830009
1.63 0.000832015
1.64 0.000834161
1.65 0.000836329
1.66 0.000838304
1.67 0.000840605
1.68 0.000842636
1.69 0.000844724
1.7 0.000846912
1.71 0.00084893
1.72 0.000851118
1.73 0.000853286
1.74 0.000855277
1.75 0.000857533
1.76 0.000859519
1.77 0.000861757
1.78 0.000863927
1.79 0.000865937
1.8 0.000868188
1.81 0.000870217
1.82 0.000872434
1.83 0.000874594
1.84 0.000876588
1.85 0.00087885
1.86 0.000880941
1.87 0.000883098
1.88 0.000885293
1.89 0.000887277
1.9 0.00088952
1.91 0.000891628
1.92 0.000893728
1.93 0.000895955
1.94 0.000897978
1.95 0.000900202
1.96 0.000902306
1.97 0.000904425
1.98 0.00090664
1.99 0.000908654
2 0.000910873
2.01 0.000912972
2.02 0.000915099
2.03 0.000917282
2.04 0.000919372
2.05 0.000921522
2.06 0.000923663
2.07 0.000925775
2.08 0.00092808
2.09 0.000930201
2.1 0.000932212
2.11 0.000934395
2.12 0.000936492
2.13 0.000938683
2.14 0.000940334
2.15 0.00094197
2.16 0.000943763
2.17 0.000945525
2.18 0.000947384
2.19 0.0009491
2.2 0.000950873
2.21 0.000952759
2.22 0.000954628
2.23 0.000956555
2.24 0.000958244
2.25 0.000959792
2.26 0.000961682
2.27 0.000963447
2.28 0.000965495
2.29 0.000967353
2.3 0.000968922
2.31 0.000970692
2.32 0.000972367
2.33 0.000974253
2.34 0.000976169
2.35 0.000977893
2.36 0.000979704
2.37 0.000981484
2.38 0.000983413
2.39 0.000985136
2.4 0.000986683
2.41 0.000988623
2.42 0.000990418
2.43 0.000992436
2.44 0.000994306
2.45 0.000995891
2.46 0.00099761
2.47 0.000999356
2.48 0.00100121
2.49 0.00100322
2.5 0.00100493
2.51 0.00100664
2.52 0.00100842
2.53 0.00101026
2.54 0.00101202
2.55 0.00101375
2.56 0.00101558
2.57 0.00101743
2.58 0.00101937
2.59 0.00102127
2.6 0.00102293
2.61 0.00102458
2.62 0.00102643
2.63 0.00102826
2.64 0.00103031
2.65 0.00103207
2.66 0.00103369
2.67 0.00103549
2.68 0.0010372
2.69 0.00103912
2.7 0.00104098
2.71 0.00104272
2.72 0.00104458
2.73 0.00104641
2.74 0.00104831
2.75 0.00105
2.76 0.00105165
2.77 0.00105357
2.78 0.00105537
2.79 0.00105741
2.8 0.00105923
2.81 0.00106081
2.82 0.00106262
2.83 0.00106432
2.84 0.00106628
2.85 0.00106822
2.86 0.00106991
2.87 0.0010717
2.88 0.00107344
2.89 0.00107535
2.9 0.0010771
2.91 0.00107879
2.92 0.00108071
2.93 0.00108253
2.94 0.00108451
2.95 0.00108634
2.96 0.00108788
2.97 0.00108973
2.98 0.00109148
2.99 0.00109349
3 0.0010951
3.01 0.00109646
3.02 0.00109789
3.03 0.00109939
3.04 0.00110092
3.05 0.00110264
3.06 0.00110418
3.07 0.00110572
3.08 0.00110726
3.09 0.00110892
3.1 0.00111046
3.11 0.00111182
3.12 0.00111343
3.13 0.00111502
3.14 0.00111674
3.15 0.00111843
3.16 0.00111983
3.17 0.00112126
3.18 0.00112279
3.19 0.00112434
3.2 0.00112613
3.21 0.0011277
3.22 0.00112916
3.23 0.00113069
3.24 0.00113225
3.25 0.00113381
3.26 0.00113528
3.27 0.00113686
3.28 0.00113848
3.29 0.00114014
3.3 0.00114182
3.31 0.00114326
3.32 0.00114462
3.33 0.00114622
3.34 0.00114779
3.35 0.00114954
3.36 0.00115117
3.37 0.00115262
3.38 0.00115409
3.39 0.00115558
3.4 0.00115712
3.41 0.00115881
3.42 0.00116036
3.43 0.00116192
3.44 0.00116352
3.45 0.00116514
3.46 0.00116665
3.47 0.00116798
3.48 0.00116964
3.49 0.00117124
3.5 0.001173
3.51 0.00117461
3.52 0.00117605
3.53 0.0011775
3.54 0.00117903
3.55 0.00118066
3.56 0.00118236
3.57 0.00118394
3.58 0.00118543
3.59 0.00118699
3.6 0.00118859
3.61 0.0011901
3.62 0.00119159
3.63 0.00119321
3.64 0.00119482
3.65 0.00119651
3.66 0.00119811
3.67 0.00119956
3.68 0.00120101
3.69 0.00120257
3.7 0.00120423
3.71 0.00120595
3.72 0.00120753
3.73 0.00120895
3.74 0.00121045
3.75 0.00121196
3.76 0.0012137
3.77 0.00121532
3.78 0.00121687
3.79 0.00121849
3.8 0.0012201
3.81 0.00122162
3.82 0.00122303
3.83 0.00122454
3.84 0.0012262
3.85 0.00122793
3.86 0.00122956
3.87 0.00123106
3.88 0.00123248
3.89 0.00123395
3.9 0.00123559
3.91 0.00123731
3.92 0.00123894
3.93 0.00124047
3.94 0.00124203
3.95 0.00124354
3.96 0.00124502
3.97 0.00124655
3.98 0.00124821
3.99 0.00124986
4 0.00125124
4.01 0.00125255
4.02 0.0012538
4.03 0.00125502
4.04 0.0012563
4.05 0.00125781
4.06 0.00125932
4.07 0.00126076
4.08 0.0012621
4.09 0.00126339
4.1 0.0012647
4.11 0.00126596
4.12 0.00126746
4.13 0.00126891
4.14 0.00127036
4.15 0.00127176
4.16 0.00127312
4.17 0.0012744
4.18 0.0012756
4.19 0.00127703
4.2 0.00127855
4.21 0.00128013
4.22 0.00128166
4.23 0.00128304
4.24 0.00128434
4.25 0.00128547
4.26 0.00128667
4.27 0.00128819
4.28 0.0012898
4.29 0.00129123
4.3 0.00129255
4.31 0.0012939
4.32 0.0012951
4.33 0.00129633
4.34 0.00129778
4.35 0.0012993
4.36 0.00130074
4.37 0.00130221
4.38 0.00130354
4.39 0.00130469
4.4 0.00130594
4.41 0.0013074
4.42 0.00130902
4.43 0.00131045
4.44 0.00131185
4.45 0.00131307
4.46 0.0013143
4.47 0.00131558
4.48 0.0013171
4.49 0.00131863
4.5 0.00132
4.51 0.00132143
4.52 0.00132277
4.53 0.00132407
4.54 0.00132525
4.55 0.00132664
4.56 0.00132817
4.57 0.0013297
4.58 0.00133119
4.59 0.00133249
4.6 0.0013337
4.61 0.00133492
4.62 0.00133636
4.63 0.00133793
4.64 0.00133941
4.65 0.00134079
4.66 0.00134213
4.67 0.00134342
4.68 0.00134469
4.69 0.00134609
4.7 0.00134755
4.71 0.00134905
4.72 0.00135052
4.73 0.00135194
4.74 0.00135316
4.75 0.00135435
4.76 0.00135567
4.77 0.00135724
4.78 0.00135881
4.79 0.00136026
4.8 0.00136156
4.81 0.00136279
4.82 0.00136407
4.83 0.00136538
4.84 0.00136697
4.85 0.00136843
4.86 0.00136988
4.87 0.00137125
4.88 0.00137256
4.89 0.00137385
4.9 0.00137501
4.91 0.00137654
4.92 0.00137807
4.93 0.00137963
4.94 0.00138101
4.95 0.00138227
4.96 0.00138348
4.97 0.00138472
4.98 0.00138626
4.99 0.00138782
5 0.00138933
5.01 0.00139061
5.02 0.00139195
5.03 0.00139326
5.04 0.00139444
5.05 0.00139592
5.06 0.00139741
5.07 0.00139896
5.08 0.00140036
5.09 0.00140181
5.1 0.00140301
5.11 0.00140416
5.12 0.00140556
5.13 0.00140703
5.14 0.00140838
5.15 0.00140955
5.16 0.00141071
5.17 0.00141164
5.18 0.00141274
5.19 0.00141402
5.2 0.00141556
5.21 0.00141685
5.22 0.00141801
5.23 0.00141926
5.24 0.00142043
5.25 0.00142152
5.26 0.0014226
5.27 0.00142401
5.28 0.00142535
5.29 0.00142677
5.3 0.00142808
5.31 0.00142912
5.32 0.00143007
5.33 0.00143125
5.34 0.00143265
5.35 0.00143412
5.36 0.00143546
5.37 0.00143654
5.38 0.00143763
5.39 0.00143876
5.4 0.00143992
5.41 0.00144132
5.42 0.00144263
5.43 0.00144389
5.44 0.00144519
5.45 0.00144647
5.46 0.00144751
5.47 0.0014485
5.48 0.00144983
5.49 0.00145126
5.5 0.00145268
5.51 0.00145397
5.52 0.00145504
5.53 0.00145607
5.54 0.00145716
5.55 0.00145853
5.56 0.00146001
5.57 0.00146122
5.58 0.00146245
5.59 0.00146364
5.6 0.00146485
5.61 0.00146594
5.62 0.0014671
5.63 0.00146843
5.64 0.0014698
5.65 0.00147122
5.66 0.00147245
5.67 0.0014735
5.68 0.00147449
5.69 0.00147571
5.7 0.00147714
5.71 0.00147859
5.72 0.00147986
5.73 0.00148094
5.74 0.00148206
5.75 0.00148321
5.76 0.00148441
5.77 0.0014858
5.78 0.0014871
5.79 0.00148839
5.8 0.00148971
5.81 0.00149092
5.82 0.00149199
5.83 0.00149303
5.84 0.00149436
5.85 0.00149582
5.86 0.00149722
5.87 0.00149846
5.88 0.0014995
5.89 0.00150057
5.9 0.00150169
5.91 0.00150315
5.92 0.00150454
5.93 0.00150579
5.94 0.001507
5.95 0.00150821
5.96 0.00150943
5.97 0.00151045
5.98 0.00151172
5.99 0.00151306
6 0.00151447
6.01 0.00151584
6.02 0.00151704
6.03 0.00151807
6.04 0.00151913
6.05 0.00152034
6.06 0.00152183
6.07 0.00152326
6.08 0.00152446
6.09 0.00152559
6.1 0.00152673
6.11 0.00152789
6.12 0.0015291
6.13 0.00153045
6.14 0.00153177
6.15 0.00153307
6.16 0.0015344
6.17 0.00153557
6.18 0.0015366
6.19 0.00153771
6.2 0.00153904
6.21 0.00154053
6.22 0.00154189
6.23 0.00154309
6.24 0.00154413
6.25 0.00154522
6.26 0.00154634
6.27 0.00154785
6.28 0.0015492
6.29 0.00155044
6.3 0.00155167
6.31 0.0015529
6.32 0.00155408
6.33 0.00155508
6.34 0.00155638
6.35 0.00155775
6.36 0.00155916
6.37 0.00156049
6.38 0.00156166
6.39 0.00156266
6.4 0.0015635
6.41 0.00156456
6.42 0.00156587
6.43 0.00156709
6.44 0.00156814
6.45 0.00156918
6.46 0.0015702
6.47 0.00157124
6.48 0.00157235
6.49 0.00157357
6.5 0.00157476
6.51 0.00157595
6.52 0.00157713
6.53 0.00157815
6.54 0.00157904
6.55 0.00158012
6.56 0.00158139
6.57 0.00158273
6.58 0.00158394
6.59 0.00158493
6.6 0.00158587
6.61 0.00158689
6.62 0.00158793
6.63 0.00158927
6.64 0.00159045
6.65 0.00159158
6.66 0.00159271
6.67 0.00159386
6.68 0.00159487
6.69 0.00159576
6.7 0.00159695
6.71 0.0015982
6.72 0.00159949
6.73 0.00160067
6.74 0.00160168
6.75 0.0016026
6.76 0.00160362
6.77 0.00160481
6.78 0.00160614
6.79 0.00160731
6.8 0.00160838
6.81 0.00160945
6.82 0.00161051
6.83 0.00161154
6.84 0.00161263
6.85 0.00161383
6.86 0.00161503
6.87 0.00161627
6.88 0.00161741
6.89 0.00161841
6.9 0.0016193
6.91 0.00162041
6.92 0.00162167
6.93 0.00162297
6.94 0.00162415
6.95 0.00162516
6.96 0.00162615
6.97 0.00162717
6.98 0.00162825
6.99 0.00162954
7 0.0016307
7.01 0.00163185
7.02 0.001633
7.03 0.00163412
7.04 0.00163511
7.05 0.00163601
7.06 0.00163724
7.07 0.0016385
7.08 0.00163978
7.09 0.00164093
7.1 0.00164193
7.11 0.00164287
7.12 0.0016439
7.13 0.00164516
7.14 0.00164645
7.15 0.0016476
7.16 0.00164868
7.17 0.00164976
7.18 0.00165085
7.19 0.00165184
7.2 0.00165297
7.21 0.00165417
7.22 0.0016554
7.23 0.00165663
7.24 0.00165775
7.25 0.00165873
7.26 0.00165966
7.27 0.00166077
7.28 0.00166206
7.29 0.00166335
7.3 0.00166448
7.31 0.0016655
7.32 0.00166653
7.33 0.00166757
7.34 0.00166867
7.35 0.00166991
7.36 0.00167108
7.37 0.00167224
7.38 0.00167341
7.39 0.00167452
7.4 0.00167549
7.41 0.00167646
7.42 0.00167767
7.43 0.00167896
7.44 0.00168021
7.45 0.00168132
7.46 0.00168231
7.47 0.00168329
7.48 0.00168431
7.49 0.00168561
7.5 0.00168686
7.51 0.00168799
7.52 0.00168908
7.53 0.00169019
7.54 0.00169127
7.55 0.00169224
7.56 0.00169338
7.57 0.00169459
7.58 0.00169584
7.59 0.00169705
7.6 0.00169814
7.61 0.0016991
7.62 0.00170008
7.63 0.0017012
7.64 0.00170252
7.65 0.00170377
7.66 0.00170487
7.67 0.00170591
7.68 0.00170695
7.69 0.001708
7.7 0.00170911
7.71 0.00171034
7.72 0.00171151
7.73 0.00171268
7.74 0.00171386
7.75 0.00171493
7.76 0.00171587
7.77 0.00171691
7.78 0.00171812
7.79 0.00171934
7.8 0.0017203
7.81 0.00172121
7.82 0.00172205
7.83 0.00172293
7.84 0.00172393
7.85 0.00172512
7.86 0.00172623
7.87 0.00172723
7.88 0.00172824
7.89 0.00172922
7.9 0.00173017
7.91 0.00173107
7.92 0.00173217
7.93 0.0017333
7.94 0.00173446
7.95 0.00173555
7.96 0.0017365
7.97 0.00173734
7.98 0.0017382
7.99 0.00173934
8 0.00174055
8.01 0.00174168
8.02 0.00174267
8.03 0.00174363
8.04 0.00174453
8.05 0.00174542
8.06 0.00174647
8.07 0.00174764
8.08 0.00174875
8.09 0.00174979
8.1 0.00175083
8.11 0.00175177
8.12 0.0017526
8.13 0.00175357
8.14 0.00175474
8.15 0.00175592
8.16 0.00175701
8.17 0.00175799
8.18 0.00175889
8.19 0.00175974
8.2 0.0017607
8.21 0.00176193
8.22 0.00176307
8.23 0.0017641
8.24 0.0017651
8.25 0.00176608
8.26 0.00176697
8.27 0.00176785
8.28 0.00176901
8.29 0.00177015
8.3 0.00177125
8.31 0.00177233
8.32 0.00177327
8.33 0.00177411
8.34 0.00177501
8.35 0.00177613
8.36 0.00177735
8.37 0.00177843
8.38 0.00177945
8.39 0.00178038
8.4 0.00178128
8.41 0.00178219
8.42 0.00178331
8.43 0.00178446
8.44 0.00178552
8.45 0.00178659
8.46 0.00178759
8.47 0.0017885
8.48 0.00178935
8.49 0.00179039
8.5 0.00179157
8.51 0.00179271
8.52 0.00179379
8.53 0.00179474
8.54 0.00179562
8.55 0.00179651
8.56 0.00179757
8.57 0.00179876
8.58 0.00179988
8.59 0.00180091
8.6 0.00180191
8.61 0.00180287
8.62 0.00180378
8.63 0.00180474
8.64 0.00180588
8.65 0.001807
8.66 0.00180813
8.67 0.00180916
8.68 0.00181007
8.69 0.00181094
8.7 0.00181188
8.71 0.00181307
8.72 0.00181423
8.73 0.00181532
8.74 0.0018163
8.75 0.00181722
8.76 0.00181816
8.77 0.00181907
8.78 0.00182024
8.79 0.00182134
8.8 0.00182243
8.81 0.00182345
8.82 0.00182443
8.83 0.00182536
8.84 0.00182621
8.85 0.00182736
8.86 0.00182851
8.87 0.00182964
8.88 0.00183066
8.89 0.0018316
8.9 0.00183251
8.91 0.00183341
8.92 0.00183456
8.93 0.0018357
8.94 0.0018368
8.95 0.0018378
8.96 0.00183878
8.97 0.00183974
8.98 0.00184063
8.99 0.00184171
9 0.00184283
9.01 0.00184394
9.02 0.00184501
9.03 0.00184601
9.04 0.00184693
9.05 0.0018478
9.06 0.00184884
9.07 0.00185002
9.08 0.00185115
9.09 0.00185219
9.1 0.00185316
9.11 0.0018541
9.12 0.00185501
9.13 0.00185605
9.14 0.00185718
9.15 0.00185829
9.16 0.00185934
9.17 0.00186036
9.18 0.00186133
9.19 0.00186222
9.2 0.00186317
9.21 0.00186432
9.22 0.00186547
9.23 0.00186655
9.24 0.00186756
9.25 0.0018685
9.26 0.00186939
9.27 0.00187034
9.28 0.00187152
9.29 0.00187265
9.3 0.0018737
9.31 0.0018747
9.32 0.00187559
9.33 0.00187631
9.34 0.00187707
9.35 0.00187803
9.36 0.00187906
9.37 0.00188007
9.38 0.00188103
9.39 0.00188192
9.4 0.00188275
9.41 0.00188357
9.42 0.00188456
9.43 0.00188563
9.44 0.00188664
9.45 0.00188754
9.46 0.00188837
9.47 0.00188925
9.48 0.00189026
9.49 0.00189129
9.5 0.00189228
9.51 0.00189316
9.52 0.00189411
9.53 0.00189514
9.54 0.00189592
9.55 0.00189675
9.56 0.00189781
9.57 0.00189884
9.58 0.0018999
9.59 0.00190083
9.6 0.00190167
9.61 0.0019025
9.62 0.00190335
9.63 0.00190443
9.64 0.00190557
9.65 0.00190642
9.66 0.00190729
9.67 0.00190821
9.68 0.00190908
9.69 0.00190999
9.7 0.00191096
9.71 0.00191196
9.72 0.00191294
9.73 0.00191398
9.74 0.00191498
9.75 0.00191567
9.76 0.00191655
9.77 0.00191753
9.78 0.00191864
9.79 0.00191965
9.8 0.00192058
9.81 0.00192139
9.82 0.00192227
9.83 0.00192312
9.84 0.00192417
9.85 0.00192524
9.86 0.00192611
9.87 0.00192704
9.88 0.00192805
9.89 0.00192894
9.9 0.00192977
9.91 0.00193066
9.92 0.00193166
9.93 0.0019327
9.94 0.00193382
9.95 0.00193471
9.96 0.00193544
9.97 0.00193632
9.98 0.00193721
9.99 0.0019384
10 0.00193937
