 0 383.15
 0.0001 382.489
 0.0002 381.828
 0.0003 381.167
 0.0004 380.505
 0.0005 379.843
 0.0006 379.18
 0.0007 378.517
 0.0008 377.853
 0.0009 377.189
 0.001 376.525
 0.0011 375.86
 0.0012 375.195
 0.0013 374.53
 0.0014 373.864
 0.0015 373.198
 0.0016 373.172
 0.0017 373.172
 0.0018 373.172
 0.0019 373.172
 0.002 373.172
 0.0021 373.172
 0.0022 373.172
 0.0023 373.173
 0.0024 373.173
 0.0025 373.173
 0.0026 373.173
 0.0027 373.173
 0.0028 373.173
 0.0029 373.173
 0.003 373.173
 0.0031 373.173
 0.0032 373.173
 0.0033 373.173
 0.0034 373.173
 0.0035 373.173
 0.0036 373.172
 0.0037 373.172
 0.0038 373.172
 0.0039 373.172
 0.004 373.172
 0.0041 373.172
 0.0042 373.172
 0.0043 373.171
 0.0044 373.171
 0.0045 373.171
 0.0046 373.171
 0.0047 373.17
 0.0048 373.17
 0.0049 373.17
 0.005 373.17
 0.0051 373.169
 0.0052 373.169
 0.0053 373.169
 0.0054 373.168
 0.0055 373.168
 0.0056 373.168
 0.0057 373.167
 0.0058 373.167
 0.0059 373.167
 0.006 373.166
 0.0061 373.166
 0.0062 373.165
 0.0063 373.165
 0.0064 373.165
 0.0065 373.164
 0.0066 373.164
 0.0067 373.163
 0.0068 373.163
 0.0069 373.163
 0.007 373.162
 0.0071 373.162
 0.0072 373.161
 0.0073 373.161
 0.0074 373.161
 0.0075 373.16
 0.0076 373.16
 0.0077 373.159
 0.0078 373.159
 0.0079 373.159
 0.008 373.158
 0.0081 373.158
 0.0082 373.157
 0.0083 373.157
 0.0084 373.157
 0.0085 373.156
 0.0086 373.156
 0.0087 373.155
 0.0088 373.155
 0.0089 373.154
 0.009 373.154
 0.0091 373.154
 0.0092 373.153
 0.0093 373.153
 0.0094 373.152
 0.0095 373.152
 0.0096 373.152
 0.0097 373.151
 0.0098 373.151
 0.0099 373.15
 0.01 373.15
